1494411807 0.000000 0.000000 0.00 0.00 0.00 0 0 0 0 0
1494411808 0.000000 0.000000 0.00 0.00 0.00 11 42 29 0 0
1494411809 0.000000 0.000000 0.00 0.00 0.00 11 40 36 33 29
1494411810 113.896980 22.951203 -50.-70 1.50 0.00 12 41 36 35 32
1494411811 113.896980 22.951195 -49.-50 1.50 0.87 12 38 38 36 35
1494411812 113.896970 22.951185 -48.-40 1.50 0.87 12 39 35 34 33
1494411813 113.896968 22.951201 -49.-50 1.50 0.87 12 39 36 33 33
1494411814 113.896965 22.951211 -51.00 1.14 0.87 12 39 36 34 33
1494411815 113.896963 22.951211 -50.-60 1.14 0.87 12 38 35 34 33
1494411816 113.896961 22.951218 -51.-10 1.50 0.87 12 38 34 34 33
1494411817 113.896960 22.951230 -52.-40 1.50 0.87 12 39 33 33 33
1494411818 113.897046 22.951013 -45.-80 1.50 0.87 12 39 34 34 33
1494411820 113.897046 22.950998 -41.-10 1.50 0.87 12 39 35 33 33
1494411821 113.897080 22.951035 -42.-60 1.50 0.87 12 38 33 31 31
1494411822 113.897061 22.951011 -43.-30 1.50 0.87 12 37 35 33 30
1494411823 113.897060 22.951001 -45.-20 1.50 0.87 12 36 35 33 32
1494411824 113.897066 22.951000 -46.-30 1.50 0.87 12 37 34 31 31
1494411825 113.897071 22.950998 -47.-30 1.50 0.87 12 37 33 33 32
1494411826 113.897076 22.951005 -48.-80 1.50 0.87 12 37 34 33 32
1494411827 113.897078 22.951008 -50.00 1.50 0.87 12 38 37 33 33
1494411828 113.897073 22.951010 -50.-10 1.50 0.87 12 39 37 34 33
1494411829 113.897066 22.951010 -50.-30 1.50 0.87 12 40 36 34 34
1494411830 113.897066 22.951013 -51.00 1.50 0.87 12 40 36 34 34
1494411831 113.897070 22.951021 -51.-50 1.50 0.87 12 40 36 35 33
1494411832 113.897076 22.951025 -51.-80 1.50 0.87 12 40 36 35 33
1494411833 113.897081 22.951031 -51.-90 1.50 0.87 12 40 38 37 36
1494411834 113.897081 22.951033 -51.-60 1.50 0.87 12 40 38 38 36
1494411835 113.897080 22.951031 -51.-10 1.50 0.87 12 40 38 37 35
1494411836 113.897080 22.951031 -50.-40 1.50 0.87 12 39 36 36 36
1494411837 113.897081 22.951030 -50.00 1.50 0.87 12 40 36 34 31
1494411838 113.897080 22.951028 -49.-70 1.50 0.87 12 40 35 34 34
1494411839 113.897080 22.951025 -49.-90 1.50 0.87 12 40 35 33 32
1494411840 113.897080 22.951025 -49.-90 1.50 0.87 12 41 35 33 33
1494411841 113.897078 22.951043 -47.-70 1.49 0.87 12 41 35 34 34
1494411842 113.897081 22.951068 -44.-50 1.50 0.87 12 41 35 35 34
1494411843 113.897083 22.951073 -44.-30 1.50 0.87 12 41 35 35 33
1494411844 113.897083 22.951086 -43.-40 1.50 0.87 12 40 35 33 33
1494411845 113.897078 22.951091 -42.-70 1.50 0.87 12 40 35 33 32
1494411846 113.897075 22.951096 -42.-10 1.49 0.87 12 40 35 33 32
1494411847 113.897071 22.951100 -41.-90 1.49 0.87 12 40 35 35 33
1494411848 113.897071 22.951106 -41.-80 1.49 0.87 12 39 35 34 34
1494411849 113.897068 22.951111 -41.-10 1.49 0.87 12 40 35 34 33
1494411850 113.897068 22.951113 -40.-70 1.49 0.87 12 40 35 34 32
1494411851 113.897068 22.951120 -40.-10 1.49 0.87 12 39 35 35 35
1494411852 113.897068 22.951123 -39.-50 1.14 0.87 12 39 36 36 35
1494411853 113.897061 22.951121 -38.00 1.14 0.87 12 39 37 37 35
1494411854 113.897051 22.951120 -37.-10 1.14 0.87 12 40 36 33 30
1494411855 113.897040 22.951110 -36.-20 1.49 0.87 12 39 35 34 31
1494411856 113.897036 22.951101 -35.-70 1.14 0.87 12 38 37 34 32
1494411857 113.897033 22.951100 -34.-90 1.14 0.87 12 40 37 32 32
1494411858 113.897030 22.951093 -34.-80 1.14 0.87 12 33 31 31 30
1494411859 113.897030 22.951088 -34.-40 1.18 0.87 12 34 31 31 30
1494411860 113.897028 22.951085 -34.00 1.14 0.87 12 33 32 31 30
1494411861 113.897025 22.951081 -33.-30 1.14 0.87 12 33 32 31 31
1494411862 113.896991 22.951063 -30.-70 1.04 0.87 12 34 34 32 32
1494411863 113.896981 22.951061 -29.-30 1.04 0.86 12 41 35 34 34
1494411864 113.896975 22.951061 -28.-50 1.04 0.86 12 42 38 35 34
1494411865 113.896973 22.951060 -28.-10 1.04 0.86 12 42 38 35 34
1494411866 113.896975 22.951056 -27.-80 1.21 0.86 12 42 36 32 31
1494411867 113.896976 22.951058 -27.-50 1.21 0.86 12 41 34 31 30
1494411868 113.896980 22.951060 -27.-10 1.21 0.86 12 40 34 29 29
1494411869 113.896981 22.951061 -26.-90 1.21 0.86 12 39 34 29 28
1494411870 113.896985 22.951063 -26.-60 1.21 0.86 12 37 34 29 28
1494411871 113.896998 22.951050 -25.-40 1.04 0.86 12 36 34 29 29
1494411872 113.897001 22.951048 -24.-70 1.04 0.86 12 36 34 30 30
1494411873 113.897008 22.951046 -24.00 1.04 0.86 12 36 34 29 29
1494411874 113.897011 22.951045 -23.-50 1.04 0.86 12 36 34 28 28
1494411875 113.897015 22.951041 -23.-10 1.21 0.86 12 36 33 28 28
1494411876 113.897013 22.951045 -23.-40 1.04 0.86 12 38 37 33 30
1494411877 113.897015 22.951043 -23.-20 1.04 0.86 12 44 37 36 35
1494411878 113.897013 22.951043 -23.-20 1.04 0.86 12 44 36 36 36
1494411879 113.897013 22.951043 -23.-20 1.04 0.86 12 44 36 35 34
1494411880 113.897013 22.951043 -23.-10 1.04 0.86 12 44 36 34 33
1494411881 113.897015 22.951043 -23.-10 1.04 0.86 12 42 36 33 32
1494411882 113.897016 22.951043 -23.-10 1.21 0.86 12 42 37 32 32
1494411883 113.897016 22.951043 -23.-10 1.21 0.86 12 42 37 32 32
1494411884 113.897015 22.951043 -23.-10 1.21 0.86 12 42 38 35 32
1494411885 113.897016 22.951045 -23.00 1.21 0.86 12 41 37 33 32
1494411886 113.897016 22.951043 -23.00 1.21 0.86 12 40 37 33 32
1494411887 113.897016 22.951045 -23.00 1.21 0.86 12 40 37 34 32
1494411888 113.897016 22.951043 -23.00 1.21 0.86 12 38 38 34 32
1494411889 113.897016 22.951041 -22.-90 1.21 0.86 12 38 37 33 32
1494411890 113.897015 22.951043 -22.-90 1.21 0.86 12 38 37 32 29
1494411891 113.897011 22.951043 -22.-90 1.21 0.86 12 38 37 31 31
1494411892 113.897006 22.951040 -22.-80 1.04 0.86 12 39 36 35 32
1494411893 113.897008 22.951045 -22.-80 1.04 0.86 12 40 36 34 31
1494411894 113.897008 22.951045 -22.-80 1.04 0.86 12 40 37 36 36
1494411895 113.897008 22.951043 -22.-80 1.04 0.86 12 39 36 33 30
1494411896 113.897010 22.951041 -22.-70 1.04 0.86 12 39 39 36 36
1494411897 113.897011 22.951040 -22.-70 1.04 0.86 12 38 37 37 36
1494411898 113.897011 22.951038 -22.-70 1.04 0.86 12 39 38 37 36
1494411899 113.897011 22.951040 -22.-60 1.04 0.86 12 39 37 35 35
1494411900 113.897011 22.951038 -22.-60 1.04 0.86 12 40 35 35 33
1494411901 113.897015 22.951035 -22.-60 1.04 0.86 12 39 38 33 32
1494411902 113.897018 22.951033 -22.-60 1.04 0.86 12 38 38 33 30
1494411903 113.897023 22.951031 -22.-50 1.04 0.86 12 39 37 34 32
1494411904 113.897026 22.951030 -22.-40 1.04 0.86 12 39 37 32 31
1494411905 113.897026 22.951030 -22.-40 1.09 0.86 12 39 35 32 32
1494411906 113.897030 22.951030 -22.-40 1.04 0.91 12 41 38 36 33
1494411907 113.897030 22.951028 -22.-40 1.04 0.86 12 41 37 36 34
1494411908 113.897030 22.951028 -22.-40 1.04 0.86 12 39 36 36 32
1494411909 113.897031 22.951028 -22.-40 1.09 0.86 12 36 35 31 31
1494411910 113.897031 22.951028 -22.-40 1.04 0.91 12 39 37 34 31
1494411911 113.897033 22.951030 -22.-30 1.04 0.86 12 37 35 29 28
1494411912 113.897031 22.951028 -22.-30 1.04 0.86 12 37 35 30 29
1494411913 113.897031 22.951030 -22.-30 1.21 0.86 12 37 37 35 30
1494411914 113.897030 22.951028 -22.-30 1.29 0.86 12 38 36 35 31
1494411915 113.897028 22.951026 -22.-30 1.09 0.92 12 39 36 35 31
1494411916 113.897031 22.951030 -22.-30 1.04 0.91 12 39 36 34 31
1494411917 113.897030 22.951030 -22.-30 1.29 0.86 12 38 36 34 29
1494411918 113.897030 22.951030 -22.-30 1.21 0.92 12 39 37 34 31
1494411919 113.897026 22.951028 -22.-30 1.20 0.86 12 38 36 34 29
1494411920 113.897026 22.951026 -22.-20 1.20 0.86 12 36 34 29 29
1494411921 113.897026 22.951028 -22.-20 1.29 0.86 12 37 34 33 30
1494411922 113.897016 22.951025 -22.-20 1.21 0.92 12 37 34 33 31
1494411923 113.897006 22.951021 -22.-20 1.07 0.88 12 37 34 32 31
1494411924 113.897013 22.951025 -22.-20 1.07 0.87 12 39 38 35 32
1494411925 113.897008 22.951023 -22.-20 1.07 0.87 12 39 38 35 33
1494411926 113.897008 22.951025 -22.-20 1.01 0.87 12 39 38 36 33
1494411927 113.897008 22.951025 -22.-20 1.07 0.82 12 38 37 35 33
1494411928 113.897006 22.951025 -22.-20 1.01 0.87 12 38 37 34 33
1494411929 113.897006 22.951026 -22.-20 1.07 0.82 12 37 36 34 32
1494411930 113.897005 22.951026 -22.-20 1.01 0.87 12 37 37 34 31
1494411931 113.897005 22.951030 -22.-20 1.07 0.82 12 36 36 32 30
1494411932 113.897006 22.951028 -22.-20 1.07 0.87 12 37 36 34 32
1494411933 113.897003 22.951028 -22.-20 1.07 0.87 12 37 35 31 30
1494411934 113.897003 22.951030 -22.-20 1.01 0.87 12 38 35 31 29
1494411935 113.897000 22.951033 -22.-20 1.01 0.82 12 38 35 33 28
1494411936 113.896998 22.951036 -22.-20 1.00 0.82 12 37 35 34 33
1494411937 113.896996 22.951038 -22.-20 1.00 0.82 12 36 36 35 34
1494411938 113.896993 22.951041 -22.-20 1.07 0.82 12 36 36 34 34
1494411939 113.896990 22.951041 -22.-20 1.00 0.87 12 38 36 34 32
1494411940 113.896988 22.951040 -22.-10 1.00 0.82 12 39 37 34 33
1494411941 113.896988 22.951041 -22.-10 1.00 0.82 12 39 36 34 34
1494411942 113.896988 22.951041 -22.-10 1.00 0.82 12 36 35 33 31
1494411943 113.896988 22.951041 -22.-10 1.00 0.82 12 39 36 35 31
1494411944 113.896988 22.951041 -22.-10 1.00 0.82 12 38 36 35 32
1494411945 113.896986 22.951041 -22.-10 1.00 0.82 12 39 37 37 36
1494411946 113.896980 22.951041 -22.00 1.00 0.82 12 38 38 37 37
1494411947 113.896975 22.951043 -22.00 1.00 0.82 12 38 37 37 36
1494411948 113.896975 22.951045 -21.-90 1.00 0.82 12 38 38 37 37
1494411949 113.896970 22.951045 -21.-90 1.00 0.82 12 38 37 37 37
1494411950 113.896971 22.951045 -21.-90 1.00 0.82 12 38 38 37 37
1494411951 113.896970 22.951045 -21.-90 1.00 0.82 12 38 38 37 37
1494411952 113.896968 22.951043 -21.-90 1.00 0.82 12 37 37 36 33
1494411953 113.896966 22.951041 -21.-90 1.00 0.82 12 37 36 36 34
1494411954 113.896966 22.951040 -21.-90 1.00 0.82 12 36 36 36 35
1494411955 113.896965 22.951040 -21.-80 1.00 0.82 12 36 36 36 36
1494411956 113.896965 22.951040 -21.-90 1.00 0.82 12 37 37 36 36
1494411957 113.896965 22.951040 -21.-80 1.00 0.82 12 38 38 37 35
1494411958 113.896963 22.951040 -21.-80 1.00 0.82 12 39 38 38 36
1494411959 113.896963 22.951040 -21.-80 1.00 0.82 12 39 38 38 36
1494411960 113.896963 22.951040 -21.-80 1.00 0.82 12 40 38 38 37
1494411961 113.896963 22.951040 -21.-80 0.92 0.82 12 39 38 37 37
1494411962 113.896963 22.951040 -21.-80 0.92 0.80 12 39 38 37 36
1494411963 113.896961 22.951038 -21.-70 0.92 0.80 12 38 36 31 30
1494411964 113.896963 22.951038 -21.-70 0.98 0.80 12 37 35 35 35
1494411965 113.896961 22.951038 -21.-70 0.92 0.86 12 39 34 34 33
1494411966 113.896965 22.951040 -21.-60 0.92 0.80 12 40 37 35 34
1494411967 113.896963 22.951040 -21.-60 0.92 0.80 12 39 39 37 34
1494411968 113.896963 22.951041 -21.-60 0.92 0.80 12 38 37 34 33
1494411969 113.896963 22.951040 -21.-50 0.92 0.80 12 34 33 31 30
1494411970 113.896963 22.951040 -21.-50 0.92 0.80 12 40 39 35 32
1494411971 113.896961 22.951040 -21.-50 0.95 0.80 12 41 38 35 31
1494411972 113.896961 22.951040 -21.-50 0.92 0.80 12 42 38 36 35
1494411973 113.896961 22.951038 -21.-40 0.92 0.80 12 41 36 35 33
1494411974 113.896961 22.951038 -21.-40 0.92 0.80 12 41 36 34 33
1494411975 113.896961 22.951040 -21.-30 0.92 0.80 12 39 35 34 33
1494411976 113.896960 22.951038 -21.-30 0.92 0.80 12 35 33 32 31
1494411977 113.896956 22.951036 -21.-30 0.92 0.80 12 40 34 33 31
1494411978 113.896956 22.951038 -21.-30 0.92 0.80 12 41 35 30 29
1494411979 113.896955 22.951038 -21.-30 0.92 0.80 12 40 38 38 36
1494411980 113.896953 22.951040 -21.-30 0.92 0.80 12 39 39 37 37
1494411981 113.896953 22.951048 -21.-20 0.92 0.80 12 39 37 37 37
1494411982 113.896953 22.951053 -21.-20 0.98 0.80 12 39 38 36 35
1494411983 113.896955 22.951060 -21.-10 0.92 0.86 12 40 38 35 35
1494411984 113.896955 22.951063 -21.00 0.92 0.80 12 38 36 33 33
1494411985 113.896953 22.951068 -21.00 0.92 0.80 12 37 36 34 32
1494411986 113.896953 22.951073 -20.-90 0.92 0.80 12 37 37 36 32
1494411987 113.896953 22.951076 -20.-90 0.92 0.80 12 37 37 36 33
1494411988 113.896955 22.951078 -20.-90 0.92 0.80 12 37 36 35 29
1494411989 113.896951 22.951086 -20.-80 0.92 0.80 12 36 36 34 29
1494411990 113.896951 22.951093 -20.-70 0.92 0.80 12 37 36 36 30
1494411991 113.896948 22.951100 -20.-70 0.92 0.80 12 40 39 37 37
1494411992 113.896946 22.951113 -20.-60 0.92 0.80 12 39 39 38 38
1494411993 113.896945 22.951121 -20.-50 0.92 0.80 12 41 39 37 37
1494411994 113.896945 22.951130 -20.-40 0.92 0.80 12 39 38 37 36
1494411995 113.896943 22.951125 -20.-40 0.92 0.80 12 38 37 37 35
1494411996 113.896943 22.951126 -20.-40 0.96 0.80 12 37 37 36 36
1494411997 113.896943 22.951131 -20.-30 0.92 0.81 12 41 38 35 32
1494411998 113.896941 22.951135 -20.-30 0.96 0.80 12 41 39 34 31
1494411999 113.896941 22.951140 -20.-20 1.03 0.81 12 41 38 34 32
1494412000 113.896940 22.951140 -20.-20 0.97 0.89 12 41 39 33 33
1494412001 113.896940 22.951141 -20.-20 0.97 0.86 12 41 39 34 34
1494412002 113.896940 22.951141 -20.-20 0.97 0.86 12 41 39 35 34
1494412003 113.896940 22.951141 -20.-10 0.97 0.86 12 41 39 35 34
1494412004 113.896940 22.951141 -20.-10 0.97 0.86 12 41 39 35 34
1494412004 113.896940 22.951141 -20.-10 0.97 0.86 12 41 39 36 34
1494412006 113.896938 22.951143 -20.-20 0.97 0.86 12 41 39 36 34
1494412007 113.896938 22.951143 -20.-20 0.97 0.86 12 41 39 36 35
1494412008 113.896938 22.951143 -20.-10 0.97 0.86 12 41 39 36 35
1494412009 113.896938 22.951141 -20.00 0.97 0.86 12 41 39 36 35
1494412010 113.896940 22.951141 -19.-90 0.97 0.86 12 41 39 36 35
1494412011 113.896940 22.951141 -19.-90 0.97 0.86 12 41 39 36 35
1494412012 113.896940 22.951141 -19.-80 0.97 0.86 12 41 39 36 35
1494412013 113.896940 22.951141 -19.-80 0.97 0.86 12 41 39 36 35
1494412014 113.896940 22.951141 -19.-80 0.97 0.86 12 41 39 36 35
1494412015 113.896940 22.951141 -19.-80 0.97 0.86 12 41 39 36 35
1494412016 113.896940 22.951141 -19.-80 0.97 0.86 12 41 39 36 35
1494412017 113.896941 22.951140 -19.-80 0.97 0.86 12 42 39 36 35
1494412018 113.896943 22.951140 -19.-90 0.97 0.86 12 42 39 36 35
1494412019 113.896941 22.951141 -19.-90 0.97 0.86 12 42 39 36 34
1494412020 113.896941 22.951143 -19.-90 0.97 0.86 12 42 39 37 35
1494412021 113.896941 22.951143 -19.-90 1.03 0.86 12 43 38 36 34
1494412022 113.896941 22.951143 -19.-90 0.97 0.89 12 44 38 35 34
1494412023 113.896943 22.951143 -20.00 0.97 0.86 12 44 38 35 33
1494412024 113.896943 22.951143 -20.00 0.95 0.86 12 43 39 35 34
1494412025 113.896941 22.951143 -19.-90 0.95 0.81 12 42 39 35 35
1494412026 113.896941 22.951143 -19.-90 0.95 0.81 12 42 39 36 36
1494412027 113.896943 22.951143 -19.-90 0.86 0.81 12 42 39 36 36
1494412028 113.896945 22.951143 -19.-90 0.77 0.79 12 41 39 35 35
1494412029 113.896945 22.951143 -19.-90 0.77 0.79 12 40 39 35 35
1494412030 113.896945 22.951143 -19.-80 0.77 0.79 12 40 40 36 35
1494412031 113.896945 22.951145 -19.-80 0.77 0.79 12 41 40 37 36
1494412032 113.896945 22.951145 -19.-80 0.81 0.79 12 41 40 38 36
1494412033 113.896945 22.951145 -19.-70 0.81 0.79 12 41 40 38 36
1494412034 113.896945 22.951143 -19.-70 0.96 0.79 12 41 40 39 36
1494412035 113.896945 22.951145 -19.-70 0.96 0.79 12 41 40 39 36
1494412036 113.896945 22.951145 -19.-70 0.96 0.79 12 41 40 39 36
1494412037 113.896945 22.951145 -19.-70 0.96 0.79 12 41 40 39 36
1494412038 113.896945 22.951145 -19.-70 0.96 0.79 12 41 40 39 36
1494412039 113.896943 22.951145 -19.-70 0.96 0.79 12 41 40 39 36
1494412040 113.896943 22.951145 -19.-70 0.90 0.79 12 41 40 39 36
1494412041 113.896943 22.951145 -19.-60 0.86 0.80 12 41 40 39 36
1494412042 113.896943 22.951145 -19.-60 0.94 0.79 12 41 40 39 36
1494412043 113.896943 22.951146 -19.-60 0.94 0.75 12 40 40 39 36
1494412044 113.896943 22.951146 -19.-60 0.94 0.75 12 40 40 39 36
1494412045 113.896943 22.951146 -19.-60 0.94 0.75 12 40 40 39 36
1494412046 113.896943 22.951146 -19.-60 0.94 0.75 12 40 40 39 36
1494412047 113.896941 22.951146 -19.-60 0.94 0.75 12 40 40 39 36
1494412048 113.896941 22.951146 -19.-50 0.85 0.75 12 40 40 39 36
1494412049 113.896941 22.951146 -19.-50 0.85 1.15 12 40 40 39 36
1494412050 113.896941 22.951146 -19.-50 0.84 1.15 12 40 40 39 36
1494412051 113.896941 22.951146 -19.-50 0.84 0.75 12 40 40 39 36
1494412052 113.896941 22.951146 -19.-50 0.84 0.75 12 40 40 39 36
1494412053 113.896941 22.951146 -19.-40 0.76 0.75 12 40 39 39 36
1494412054 113.896941 22.951146 -19.-40 0.76 1.15 12 40 39 39 36
1494412055 113.896941 22.951146 -19.-40 0.75 1.15 12 40 39 39 36
1494412056 113.896941 22.951146 -19.-40 0.75 0.75 12 40 39 39 35
1494412057 113.896941 22.951146 -19.-40 0.76 0.75 12 39 38 37 33
1494412058 113.896941 22.951145 -19.-40 0.79 1.15 12 37 37 37 32
1494412059 113.896935 22.951143 -19.-50 0.85 0.76 12 39 37 35 33
1494412060 113.896938 22.951145 -19.-50 0.84 1.15 12 41 39 37 37
1494412061 113.896935 22.951143 -19.-50 0.75 0.75 12 41 38 37 37
1494412062 113.896936 22.951145 -19.-50 0.88 0.75 12 41 38 38 37
1494412063 113.896935 22.951143 -19.-50 0.80 0.76 12 41 39 39 37
1494412064 113.896935 22.951143 -19.-50 0.89 1.17 12 40 39 39 38
1494412065 113.896935 22.951145 -19.-50 0.88 1.17 12 40 39 39 38
1494412066 113.896933 22.951145 -19.-50 0.88 0.76 12 40 39 39 38
1494412067 113.896933 22.951145 -19.-50 0.79 0.76 12 40 40 39 38
1494412068 113.896933 22.951145 -19.-50 0.75 0.76 12 40 38 36 36
1494412069 113.896933 22.951146 -19.-40 0.76 0.75 12 39 37 36 35
1494412070 113.896933 22.951148 -19.-50 0.75 1.15 12 38 37 37 34
1494412071 113.896933 22.951148 -19.-40 0.82 0.76 12 38 38 37 33
1494412072 113.896933 22.951148 -19.-30 0.78 1.31 12 39 38 33 33
1494412073 113.896933 22.951148 -19.-30 0.80 0.74 12 40 38 33 33
1494412074 113.896931 22.951148 -19.-30 0.79 0.78 12 40 38 38 34
1494412075 113.896930 22.951150 -19.-30 0.93 1.12 12 40 39 38 34
1494412076 113.896928 22.951148 -19.-30 0.94 0.75 12 40 39 38 35
1494412077 113.896926 22.951150 -19.-40 0.93 1.12 12 38 38 38 37
1494412078 113.896926 22.951150 -19.-30 0.84 0.75 12 38 38 38 37
1494412079 113.896926 22.951150 -19.-30 0.84 1.12 12 38 38 38 36
1494412080 113.896926 22.951150 -19.-30 0.83 1.12 12 38 37 37 37
1494412081 113.896926 22.951151 -19.-30 0.87 0.74 12 36 35 32 31
1494412082 113.896926 22.951151 -19.-30 0.83 1.14 12 42 37 33 33
1494412083 113.896926 22.951153 -19.-20 0.84 0.75 12 41 37 36 34
1494412084 113.896926 22.951155 -19.-30 0.83 1.12 12 39 37 34 33
1494412085 113.896925 22.951155 -19.-30 0.83 0.75 12 40 36 34 33
1494412086 113.896925 22.951155 -19.-30 0.83 0.75 12 40 36 33 33
1494412087 113.896923 22.951155 -19.-30 0.83 0.75 12 27 27 27 25
1494412088 113.896921 22.951156 -19.-30 0.83 0.75 12 42 36 34 33
1494412089 113.896920 22.951158 -19.-20 0.74 0.75 12 42 36 35 34
1494412090 113.896918 22.951160 -19.-20 0.74 0.75 12 43 39 35 35
1494412091 113.896918 22.951161 -19.-20 0.74 0.75 12 43 39 36 35
1494412092 113.896918 22.951161 -19.-10 0.74 0.75 12 43 39 36 34
1494412093 113.896918 22.951161 -19.-10 0.74 0.75 12 41 38 37 33
1494412094 113.896916 22.951161 -19.-10 0.74 0.75 12 41 39 38 34
1494412095 113.896916 22.951161 -19.00 0.74 0.75 12 41 39 38 35
1494412096 113.896915 22.951163 -19.00 0.74 0.75 12 41 38 35 34
1494412097 113.896913 22.951163 -18.-90 0.78 0.75 12 41 38 34 34
1494412098 113.896911 22.951165 -18.-90 0.74 0.75 12 40 38 38 35
1494412099 113.896911 22.951165 -18.-80 0.74 0.75 12 39 39 38 37
1494412100 113.896910 22.951165 -18.-80 0.74 0.75 12 38 38 37 36
1494412101 113.896910 22.951165 -18.-80 0.74 0.75 12 38 38 37 36
1494412102 113.896910 22.951165 -18.-80 0.74 0.75 12 36 36 35 33
1494412103 113.896910 22.951165 -18.-80 0.83 0.75 12 41 38 37 35
1494412104 113.896910 22.951165 -18.-80 0.83 0.75 12 39 36 36 36
1494412105 113.896911 22.951166 -18.-70 0.83 0.75 12 38 37 36 35
1494412106 113.896910 22.951166 -18.-60 0.83 0.75 12 37 37 36 35
1494412107 113.896910 22.951168 -18.-60 0.83 0.75 12 38 37 36 35
1494412108 113.896908 22.951170 -18.-50 0.83 0.75 12 38 38 37 34
1494412109 113.896908 22.951170 -18.-50 0.93 0.75 12 38 38 37 35
1494412110 113.896908 22.951170 -18.-40 0.93 0.75 12 39 38 33 33
1494412111 113.896908 22.951171 -18.-40 0.93 0.75 12 40 38 38 34
1494412112 113.896906 22.951171 -18.-30 0.83 0.75 12 40 38 36 34
1494412113 113.896906 22.951171 -18.-30 0.74 0.75 12 41 37 37 36
1494412114 113.896906 22.951173 -18.-30 0.74 0.75 12 40 37 36 36
1494412115 113.896905 22.951173 -18.-30 0.78 0.75 12 40 39 37 37
1494412116 113.896905 22.951173 -18.-20 0.78 0.75 12 38 36 32 28
1494412117 113.896905 22.951173 -18.-20 0.93 0.75 12 39 38 37 37
1494412118 113.896906 22.951176 -18.-20 0.93 0.75 12 39 38 38 36
1494412119 113.896908 22.951181 -18.-10 0.93 0.75 12 37 37 36 32
1494412120 113.896906 22.951183 -18.-10 0.83 0.75 12 38 38 35 35
1494412121 113.896903 22.951185 -18.-10 0.83 0.75 12 38 37 35 34
1494412122 113.896898 22.951186 -18.00 0.74 0.75 12 38 37 34 34
1494412123 113.896896 22.951191 -18.00 0.74 0.75 12 38 37 36 34
1494412124 113.896895 22.951195 -17.-90 0.83 0.75 12 38 36 33 33
1494412125 113.896891 22.951201 -17.-90 0.83 0.75 12 38 36 34 34
1494412126 113.896890 22.951205 -17.-80 0.83 0.75 12 38 36 35 34
1494412127 113.896886 22.951206 -17.-70 0.83 0.75 12 38 36 35 34
1494412128 113.896883 22.951206 -17.-70 0.83 0.75 12 38 38 38 36
1494412129 113.896881 22.951206 -17.-60 0.83 0.75 12 38 38 37 36
1494412130 113.896881 22.951208 -17.-50 0.83 0.75 12 38 37 36 35
1494412131 113.896881 22.951211 -17.-40 0.83 0.75 12 38 37 36 34
1494412132 113.896883 22.951215 -17.-30 0.83 0.75 12 38 38 36 35
1494412133 113.896885 22.951220 -17.-20 0.83 0.75 12 38 38 36 35
1494412134 113.896886 22.951221 -17.-10 0.83 0.75 12 39 37 37 34
1494412135 113.896886 22.951225 -17.00 0.83 0.75 12 39 38 37 34
1494412136 113.896888 22.951226 -17.00 0.88 0.75 12 39 37 37 34
1494412137 113.896888 22.951230 -16.-90 1.05 0.82 12 39 37 37 34
1494412138 113.896888 22.951233 -16.-90 0.93 0.84 12 39 35 35 35
1494412139 113.896890 22.951235 -16.-80 0.94 0.75 12 40 36 35 34
1494412140 113.896890 22.951238 -16.-70 0.97 0.76 12 40 37 36 35
1494412141 113.896890 22.951238 -16.-60 0.94 0.76 12 40 38 37 35
1494412142 113.896888 22.951240 -16.-50 0.84 0.76 12 39 38 35 34
1494412143 113.896888 22.951241 -16.-40 0.84 0.76 12 39 37 36 33
1494412144 113.896886 22.951243 -16.-40 0.83 0.76 12 38 37 37 32
1494412145 113.896885 22.951245 -16.-20 0.83 0.75 12 38 37 30 30
1494412146 113.896885 22.951245 -16.-10 0.83 0.75 12 38 38 30 29
1494412147 113.896883 22.951245 -15.-90 0.74 0.75 12 38 37 30 28
1494412148 113.896883 22.951243 -15.-80 0.77 1.13 12 40 35 30 28
1494412149 113.896883 22.951240 -15.-60 0.74 1.14 12 40 33 31 28
1494412150 113.896883 22.951236 -15.-50 0.74 1.13 12 40 33 32 28
1494412151 113.896883 22.951235 -15.-30 0.74 1.13 12 40 35 35 32
1494412152 113.896881 22.951235 -15.-20 0.75 1.13 12 40 37 36 35
1494412153 113.896883 22.951235 -15.-30 0.75 1.17 12 40 36 36 35
1494412154 113.896881 22.951235 -15.-20 0.75 0.76 12 40 36 35 34
1494412155 113.896881 22.951233 -15.-20 0.75 1.17 12 40 36 34 33
1494412156 113.896881 22.951233 -15.-20 0.75 1.17 12 40 35 34 32
1494412157 113.896881 22.951233 -15.-20 0.75 1.17 12 40 34 33 32
1494412158 113.896881 22.951233 -15.-20 0.75 0.76 12 40 34 32 32
1494412159 113.896881 22.951233 -15.-20 0.75 1.17 12 40 34 32 32
1494412160 113.896881 22.951233 -15.-20 0.75 1.17 12 40 34 32 32
1494412161 113.896881 22.951233 -15.-10 0.75 1.17 12 40 34 33 32
1494412162 113.896881 22.951233 -15.-10 0.75 0.76 12 39 34 34 32
1494412163 113.896881 22.951233 -15.-10 0.75 1.17 12 38 34 33 32
1494412164 113.896883 22.951233 -15.-10 0.75 0.76 12 38 33 33 32
1494412165 113.896883 22.951235 -15.-10 0.75 1.17 12 39 38 35 32
1494412166 113.896883 22.951235 -15.-10 0.74 1.17 12 38 38 36 33
1494412167 113.896883 22.951235 -15.00 0.84 0.76 12 38 38 37 33
1494412168 113.896883 22.951235 -15.00 0.85 1.17 12 38 38 37 34
1494412169 113.896883 22.951235 -14.-90 0.96 0.80 12 38 38 37 34
1494412170 113.896883 22.951235 -14.-90 0.94 1.33 12 38 38 37 34
1494412171 113.896883 22.951235 -14.-90 0.94 1.17 12 38 38 37 34
1494412172 113.896883 22.951233 -14.-80 0.84 1.18 12 38 38 37 34
1494412173 113.896883 22.951233 -14.-80 0.84 1.17 12 38 38 37 34
1494412174 113.896881 22.951235 -14.-80 0.84 0.76 12 38 38 38 33
1494412175 113.896881 22.951235 -14.-80 0.83 1.17 12 38 37 37 34
1494412176 113.896881 22.951235 -14.-80 0.83 1.14 12 38 37 37 35
1494412177 113.896881 22.951235 -14.-80 0.83 0.75 12 38 37 37 36
1494412178 113.896881 22.951235 -14.-80 0.83 1.14 12 38 37 37 36
1494412179 113.896881 22.951235 -14.-70 0.83 1.14 12 38 37 37 36
1494412180 113.896881 22.951233 -14.-60 0.83 0.75 12 37 36 36 35
1494412181 113.896881 22.951233 -14.-60 0.83 0.75 12 37 35 35 35
1494412182 113.896881 22.951233 -14.-60 0.83 1.14 12 37 35 35 35
1494412183 113.896881 22.951233 -14.-60 0.83 0.75 12 38 35 35 34
1494412184 113.896881 22.951233 -14.-50 0.83 0.75 12 38 35 35 34
1494412185 113.896881 22.951233 -14.-50 0.84 0.75 12 38 35 35 34
1494412186 113.896881 22.951233 -14.-50 0.84 0.76 12 38 36 35 34
1494412187 113.896880 22.951233 -14.-40 0.84 1.18 12 39 36 35 34
1494412188 113.896880 22.951233 -14.-40 0.83 0.76 12 40 37 36 34
1494412189 113.896880 22.951233 -14.-40 0.84 1.14 12 40 38 36 34
1494412190 113.896880 22.951235 -14.-30 0.83 1.27 12 38 37 30 30
1494412191 113.896880 22.951235 -14.-30 0.83 0.75 12 38 37 32 29
1494412192 113.896878 22.951235 -14.-30 0.83 0.75 12 39 36 34 31
1494412193 113.896878 22.951235 -14.-30 0.83 0.75 12 40 38 37 34
1494412194 113.896878 22.951235 -14.-30 0.83 0.75 12 36 32 32 31
1494412195 113.896878 22.951235 -14.-30 0.83 0.75 12 36 36 33 32
1494412196 113.896878 22.951236 -14.-30 0.83 0.75 12 37 36 36 33
1494412197 113.896878 22.951236 -14.-30 0.83 0.75 12 40 38 35 34
1494412198 113.896878 22.951238 -14.-30 0.91 1.14 12 39 38 35 33
1494412199 113.896880 22.951238 -14.-30 0.83 1.44 12 39 38 33 33
1494412200 113.896880 22.951238 -14.-30 0.83 1.14 12 39 39 38 35
1494412201 113.896881 22.951238 -14.-30 0.83 0.75 12 40 39 38 34
1494412202 113.896881 22.951238 -14.-30 0.83 1.14 12 40 40 37 34
1494412203 113.896881 22.951238 -14.-30 0.87 0.75 12 41 40 36 33
1494412204 113.896880 22.951240 -14.-30 0.87 0.82 12 40 38 36 34
1494412205 113.896880 22.951240 -14.-30 1.15 0.82 12 40 38 36 35
1494412206 113.896880 22.951240 -14.-30 1.15 1.57 12 39 38 36 35
1494412207 113.896878 22.951240 -14.-30 0.91 1.58 12 39 38 36 35
1494412208 113.896878 22.951240 -14.-30 0.91 1.44 12 39 38 36 35
1494412209 113.896878 22.951240 -14.-30 0.91 1.44 12 39 38 36 36
1494412210 113.896878 22.951240 -14.-30 0.91 1.44 12 39 38 36 36
1494412211 113.896878 22.951240 -14.-30 0.91 1.44 12 39 38 36 36
1494412212 113.896880 22.951240 -14.-30 0.87 1.44 12 40 39 37 36
1494412213 113.896883 22.951238 -14.-30 0.91 0.82 12 41 37 37 36
1494412214 113.896885 22.951238 -14.-20 0.87 1.44 12 41 37 37 36
1494412215 113.896886 22.951238 -14.-30 0.93 0.82 12 41 37 37 36
1494412216 113.896886 22.951238 -14.-20 0.78 0.75 12 41 38 37 36
1494412217 113.896886 22.951236 -14.-20 0.90 0.75 12 41 39 37 35
1494412218 113.896885 22.951236 -14.-20 0.77 1.50 12 40 39 37 34
1494412219 113.896885 22.951236 -14.-20 0.77 0.82 12 40 39 37 34
1494412220 113.896885 22.951238 -14.-30 0.90 0.82 12 40 39 37 34
1494412221 113.896883 22.951243 -14.-90 0.78 1.51 12 39 39 38 36
1494412222 113.896881 22.951246 -15.-40 0.78 0.75 12 39 38 35 32
1494412223 113.896880 22.951246 -15.-90 0.73 0.75 12 38 33 32 31
1494412224 113.896878 22.951243 -15.-70 0.73 0.75 12 38 32 32 29
1494412225 113.896878 22.951248 -16.-30 0.73 0.75 12 38 35 34 31
1494412226 113.896878 22.951246 -16.-20 0.75 0.75 12 38 36 35 32
1494412227 113.896880 22.951248 -16.-20 0.73 0.79 12 38 36 35 33
1494412228 113.896878 22.951246 -16.-20 0.84 0.75 12 38 36 35 34
1494412229 113.896878 22.951245 -16.-20 0.84 0.79 12 38 36 35 35
1494412230 113.896878 22.951245 -16.-20 0.84 0.79 12 38 36 35 35
1494412231 113.896878 22.951245 -16.-20 0.84 0.79 12 38 36 35 35
1494412232 113.896878 22.951243 -16.-10 0.92 0.79 12 38 36 35 35
1494412233 113.896878 22.951243 -16.-20 0.92 0.75 12 38 36 36 35
1494412234 113.896880 22.951245 -16.-10 0.92 0.75 12 38 37 36 35
1494412235 113.896881 22.951248 -15.-90 0.92 0.75 12 38 37 37 36
1494412236 113.896881 22.951245 -15.-70 1.04 0.75 12 38 37 37 37
1494412237 113.896885 22.951240 -15.-70 1.04 0.85 12 38 37 37 34
1494412238 113.896885 22.951236 -15.-70 1.04 0.85 12 38 38 37 34
1494412239 113.896886 22.951231 -15.-50 1.04 0.85 12 39 38 37 35
1494412240 113.896885 22.951228 -15.-30 1.04 0.85 12 39 38 36 36
1494412241 113.896886 22.951225 -15.-10 1.04 0.85 12 39 38 37 34
1494412242 113.896885 22.951225 -14.-90 1.04 0.85 12 39 38 37 33
1494412243 113.896883 22.951225 -14.-10 1.04 0.85 12 39 38 37 33
1494412244 113.896883 22.951225 -13.-70 1.04 0.85 12 39 38 37 33
1494412245 113.896881 22.951225 -13.-70 1.04 0.85 12 39 39 37 32
1494412246 113.896880 22.951226 -13.-50 1.04 0.85 12 39 39 37 32
1494412247 113.896880 22.951228 -13.-40 1.04 0.85 12 39 39 37 33
1494412248 113.896880 22.951226 -13.-30 1.04 0.85 12 39 38 37 33
1494412249 113.896880 22.951226 -13.-30 1.04 0.85 12 39 38 37 33
1494412250 113.896880 22.951228 -13.-40 1.04 0.85 12 39 38 37 34
1494412251 113.896880 22.951228 -13.-40 1.04 0.85 12 39 38 37 34
1494412252 113.896880 22.951228 -13.-50 1.04 0.85 12 39 38 37 34
1494412253 113.896880 22.951230 -13.-50 1.04 0.85 12 39 38 37 34
1494412254 113.896878 22.951230 -13.-60 1.04 0.85 12 39 38 38 34
1494412255 113.896878 22.951231 -13.-60 1.04 0.85 12 40 38 37 35
1494412256 113.896878 22.951231 -13.-60 1.07 0.85 12 40 38 36 35
1494412257 113.896876 22.951240 -13.-40 1.07 0.87 12 40 38 36 35
1494412258 113.896871 22.951241 -13.-50 1.07 0.87 12 40 38 36 35
1494412259 113.896866 22.951240 -13.-60 1.07 0.87 12 40 38 35 35
1494412260 113.896863 22.951241 -13.-70 1.04 0.87 12 40 38 35 35
1494412261 113.896860 22.951246 -13.-80 1.04 0.85 12 38 38 36 36
1494412262 113.896858 22.951243 -13.-90 1.04 0.85 12 38 37 37 36
1494412263 113.896856 22.951246 -13.-80 1.04 0.85 12 40 37 36 36
1494412264 113.896856 22.951245 -13.-60 1.04 0.85 12 41 37 36 35
1494412265 113.896858 22.951246 -13.-60 1.04 0.85 12 41 36 36 35
1494412266 113.896858 22.951246 -13.-50 1.04 0.85 12 41 36 36 35
1494412267 113.896856 22.951250 -13.-50 1.04 0.85 12 40 36 35 35
1494412268 113.896855 22.951251 -13.-50 1.16 0.85 12 39 36 35 35
1494412269 113.896855 22.951250 -13.-50 1.16 0.91 12 39 38 36 35
1494412270 113.896855 22.951251 -13.-40 1.16 0.91 12 39 38 36 35
1494412270 113.896855 22.951251 -13.-50 1.06 0.91 12 39 38 37 36
1494412272 113.896855 22.951250 -13.-40 1.04 0.85 12 38 37 37 36
1494412273 113.896856 22.951246 -13.-20 1.04 0.85 12 38 38 37 36
1494412274 113.896856 22.951245 -13.-10 0.91 0.85 12 39 38 37 36
1494412275 113.896856 22.951246 -13.-10 0.91 0.88 12 39 38 37 36
1494412276 113.896856 22.951246 -13.-10 0.84 0.88 12 40 38 37 36
1494412277 113.896856 22.951246 -13.-10 0.84 0.84 12 40 38 37 36
1494412278 113.896856 22.951246 -13.-10 0.84 0.84 12 41 38 36 36
1494412279 113.896855 22.951248 -13.-30 0.91 0.84 12 40 38 36 36
1494412280 113.896855 22.951248 -13.-30 0.84 0.88 12 39 38 36 36
1494412281 113.896855 22.951248 -13.-30 0.78 0.84 12 38 37 37 36
1494412282 113.896855 22.951250 -13.-40 0.77 0.76 12 38 37 37 36
1494412283 113.896855 22.951248 -13.-30 0.77 0.76 12 38 37 37 36
1494412284 113.896855 22.951248 -13.-30 0.95 0.76 12 37 37 37 36
1494412285 113.896853 22.951251 -13.-30 0.95 0.88 12 37 37 37 36
1494412286 113.896853 22.951253 -13.-20 0.95 0.88 12 37 37 37 36
1494412287 113.896851 22.951263 -13.-30 0.95 0.88 12 37 37 37 36
1494412288 113.896846 22.951268 -13.-40 1.12 0.88 12 37 37 37 36
1494412289 113.896846 22.951271 -13.-50 1.12 0.85 12 38 37 36 26
1494412290 113.896840 22.951278 -13.-70 1.12 0.85 12 39 37 35 26
1494412291 113.896836 22.951280 -13.-80 1.12 0.85 12 40 36 34 27
1494412292 113.896835 22.951283 -14.00 1.20 0.85 12 41 36 33 28
1494412293 113.896833 22.951283 -14.00 1.20 0.86 12 36 32 31 27
1494412294 113.896833 22.951285 -14.-10 1.20 0.86 12 36 32 31 27
1494412295 113.896833 22.951285 -14.00 1.20 0.86 12 40 37 35 33
1494412296 113.896831 22.951283 -13.-90 0.93 0.86 12 40 37 35 33
1494412297 113.896833 22.951283 -13.-90 0.93 0.77 12 40 39 37 36
1494412298 113.896833 22.951281 -13.-90 0.93 0.77 12 40 38 37 36
1494412299 113.896833 22.951281 -13.-90 0.93 0.77 12 40 38 38 35
1494412300 113.896835 22.951280 -14.00 1.04 0.77 12 40 38 38 35
1494412301 113.896836 22.951280 -14.00 0.77 0.85 12 39 39 38 34
1494412302 113.896836 22.951278 -13.-90 0.77 0.76 12 40 38 37 35
1494412303 113.896840 22.951276 -13.-70 0.73 0.76 12 39 39 36 35
1494412304 113.896843 22.951276 -13.-40 0.73 0.76 12 39 36 34 34
1494412305 113.896845 22.951275 -13.-20 0.73 0.76 12 38 37 36 34
1494412306 113.896846 22.951275 -13.-20 0.73 0.76 12 39 37 36 35
1494412307 113.896848 22.951276 -13.-20 0.73 0.76 12 38 37 36 36
1494412308 113.896846 22.951276 -13.-20 0.85 0.76 12 37 37 36 36
1494412309 113.896848 22.951276 -13.-10 0.85 0.77 12 37 36 36 36
1494412310 113.896848 22.951275 -13.-10 0.85 0.77 12 38 37 36 35
1494412311 113.896848 22.951276 -13.-20 0.82 0.77 12 38 37 36 34
1494412312 113.896848 22.951276 -13.-20 0.82 0.76 12 38 37 36 35
1494412313 113.896848 22.951276 -13.-20 0.82 0.76 12 38 38 36 35
1494412314 113.896846 22.951278 -13.-30 0.82 0.76 12 38 38 36 36
1494412315 113.896845 22.951281 -13.-40 0.82 0.76 12 38 38 36 35
1494412316 113.896846 22.951281 -13.-50 1.07 0.76 12 38 38 36 35
1494412317 113.896848 22.951281 -13.-60 1.07 0.87 12 38 37 36 34
1494412318 113.896848 22.951285 -13.-70 1.07 0.87 12 38 36 36 34
1494412319 113.896853 22.951285 -13.-70 1.07 0.87 12 39 37 36 32
1494412320 113.896856 22.951283 -13.-60 1.10 0.87 12 40 38 36 32
1494412321 113.896856 22.951276 -13.-50 1.10 0.85 12 40 38 37 36
1494412322 113.896858 22.951273 -13.-40 1.10 0.85 12 40 38 36 36
1494412323 113.896855 22.951270 -13.-10 1.10 0.85 12 39 38 37 36
1494412324 113.896846 22.951273 -12.-80 1.22 0.85 12 39 38 37 36
1494412325 113.896840 22.951276 -12.-40 1.22 0.87 12 41 36 35 35
1494412326 113.896841 22.951273 -12.-40 1.22 0.87 12 41 36 36 35
1494412327 113.896836 22.951275 -12.-10 1.22 0.87 12 38 37 36 36
1494412328 113.896835 22.951271 -11.-90 0.97 0.87 12 38 38 36 36
1494412329 113.896835 22.951271 -11.-80 0.97 0.84 12 39 38 35 33
1494412330 113.896835 22.951271 -11.-70 0.97 0.84 12 40 38 35 33
1494412331 113.896835 22.951271 -11.-70 0.94 0.84 12 40 36 34 33
1494412332 113.896835 22.951271 -11.-70 0.82 0.79 12 40 36 34 33
1494412333 113.896833 22.951270 -11.-40 0.82 0.76 12 39 36 35 34
1494412334 113.896833 22.951268 -11.-30 0.82 0.76 12 39 37 35 33
1494412335 113.896833 22.951268 -11.-30 0.82 0.76 12 38 37 36 36
1494412336 113.896835 22.951266 -11.-20 0.82 0.76 12 37 36 36 36
1494412337 113.896835 22.951266 -11.-30 0.82 0.76 12 36 35 35 34
1494412338 113.896835 22.951265 -11.-20 0.82 0.76 12 36 36 35 34
1494412339 113.896835 22.951265 -11.-20 0.82 0.76 12 37 36 34 34
1494412340 113.896836 22.951265 -11.-20 0.82 0.76 12 37 35 35 34
1494412341 113.896836 22.951265 -11.-20 0.82 0.76 12 38 36 34 33
1494412342 113.896836 22.951265 -11.-20 0.82 0.76 12 38 37 33 33
1494412343 113.896836 22.951265 -11.-20 0.82 0.76 12 38 36 34 33
1494412344 113.896836 22.951265 -11.-20 0.82 0.76 12 37 35 34 33
1494412345 113.896836 22.951266 -11.-20 0.82 0.76 12 37 35 35 33
1494412346 113.896836 22.951266 -11.-20 0.82 0.76 12 37 35 35 33
1494412347 113.896838 22.951266 -11.-40 0.82 0.76 12 38 35 34 33
1494412348 113.896838 22.951266 -11.-60 0.92 0.76 12 39 35 33 33
1494412349 113.896838 22.951266 -11.-50 0.92 0.76 12 39 35 33 33
1494412350 113.896838 22.951266 -11.-60 0.92 0.76 12 39 35 33 33
1494412351 113.896838 22.951266 -11.-40 0.92 0.76 12 38 35 34 32
1494412352 113.896838 22.951266 -11.-40 0.94 0.76 12 37 36 34 31
1494412353 113.896836 22.951265 -11.-20 0.94 0.79 12 37 36 34 31
1494412354 113.896833 22.951263 -11.-10 0.94 0.79 12 38 36 34 31
1494412355 113.896831 22.951263 -11.00 0.94 0.79 12 39 36 35 31
1494412356 113.896831 22.951261 -10.-90 0.94 0.79 12 39 36 36 31
1494412357 113.896830 22.951261 -10.-90 0.94 0.76 12 39 36 36 31
1494412358 113.896830 22.951260 -10.-90 0.94 0.76 12 39 36 36 32
1494412359 113.896828 22.951260 -10.-90 0.94 0.76 12 39 36 36 32
1494412360 113.896826 22.951260 -10.-80 0.94 0.76 12 39 36 36 32
1494412361 113.896826 22.951260 -10.-80 0.92 0.76 12 39 36 36 33
1494412362 113.896826 22.951260 -10.-80 0.92 0.76 12 39 36 35 33
1494412363 113.896825 22.951258 -10.-60 1.07 0.76 12 39 36 35 33
1494412364 113.896821 22.951256 -10.-40 1.04 0.77 12 39 36 35 32
1494412365 113.896820 22.951256 -10.-30 0.92 0.85 12 40 39 38 33
1494412366 113.896820 22.951258 -10.-40 0.92 0.76 12 39 37 37 33
1494412367 113.896821 22.951260 -10.-50 0.92 0.76 12 40 38 37 34
1494412368 113.896823 22.951265 -10.-40 0.82 0.76 12 38 38 37 34
1494412369 113.896823 22.951268 -10.-60 0.82 0.76 12 38 37 37 34
1494412370 113.896823 22.951265 -10.-50 0.82 0.76 12 38 37 35 34
1494412371 113.896823 22.951265 -10.-50 0.82 0.76 12 38 37 35 34
1494412372 113.896823 22.951265 -10.-50 0.82 0.76 12 38 37 35 33
1494412373 113.896823 22.951263 -10.-50 0.73 0.76 12 38 37 36 32
1494412374 113.896823 22.951263 -10.-50 0.73 0.76 12 38 37 36 32
1494412375 113.896823 22.951263 -10.-60 0.73 0.76 12 38 38 36 33
1494412376 113.896823 22.951263 -10.-60 0.83 0.76 12 39 38 36 34
1494412377 113.896825 22.951265 -10.-80 0.83 0.80 12 40 38 36 34
1494412378 113.896826 22.951265 -10.-90 0.83 0.80 12 41 38 36 34
1494412379 113.896828 22.951266 -10.-80 0.83 0.80 12 40 37 37 33
1494412380 113.896828 22.951265 -10.-70 0.92 0.80 12 40 38 36 33
1494412381 113.896828 22.951265 -10.-70 0.92 0.77 12 40 38 36 35
1494412382 113.896828 22.951265 -10.-60 0.92 0.77 12 40 38 36 36
1494412383 113.896828 22.951265 -10.-50 0.92 0.77 12 40 38 36 36
1494412384 113.896830 22.951265 -10.-50 0.94 0.77 12 40 38 36 36
1494412385 113.896831 22.951265 -10.-40 0.94 0.81 12 37 36 35 34
1494412386 113.896835 22.951266 -10.-40 0.94 0.81 12 37 36 35 34
1494412387 113.896836 22.951266 -10.-40 0.94 0.81 12 37 36 35 34
1494412388 113.896836 22.951266 -10.-30 1.09 0.81 12 37 36 35 34
1494412389 113.896838 22.951266 -10.-30 1.09 0.81 12 38 35 35 33
1494412390 113.896836 22.951266 -10.-40 1.09 0.81 12 39 35 35 33
1494412390 113.896836 22.951265 -10.-40 0.83 0.81 12 39 35 35 34
1494412392 113.896835 22.951263 -10.-30 0.83 0.80 12 39 35 34 34
1494412393 113.896833 22.951261 -10.-10 0.81 0.80 12 39 35 34 34
1494412394 113.896830 22.951260 -10.00 0.81 0.76 12 39 35 34 33
1494412395 113.896831 22.951260 -10.00 0.81 0.76 12 39 35 34 33
1494412396 113.896831 22.951261 -10.00 0.81 0.76 12 39 36 34 33
1494412397 113.896831 22.951263 -10.00 0.81 0.76 12 39 36 34 33
1494412398 113.896831 22.951266 -10.-30 0.81 0.76 12 39 36 34 32
1494412399 113.896835 22.951268 -10.-50 0.81 0.76 12 39 36 34 33
1494412400 113.896833 22.951268 -10.-40 0.81 0.76 12 39 35 33 31
1494412401 113.896835 22.951270 -10.-60 0.81 0.76 12 39 35 33 32
1494412402 113.896835 22.951270 -10.-60 0.81 0.76 12 40 36 35 33
1494412403 113.896835 22.951271 -10.-70 0.81 0.76 12 40 35 34 33
1494412404 113.896835 22.951271 -10.-70 0.81 0.76 12 40 35 34 34
1494412405 113.896843 22.951273 -10.-90 0.81 0.76 12 38 34 34 33
1494412406 113.896840 22.951270 -11.-20 0.81 0.76 12 37 35 35 32
1494412407 113.896836 22.951266 -11.-10 0.81 0.76 12 37 36 36 35
1494412408 113.896840 22.951268 -11.-40 0.93 0.76 12 37 37 36 35
1494412409 113.896838 22.951265 -11.-30 0.93 0.80 12 37 37 37 35
1494412410 113.896838 22.951263 -11.-20 0.93 0.80 12 37 37 37 35
1494412411 113.896835 22.951258 -11.-20 0.93 0.80 12 38 36 36 34
1494412412 113.896831 22.951253 -11.-10 1.06 0.80 12 38 38 36 34
1494412413 113.896830 22.951250 -11.-10 1.06 0.88 12 37 36 35 35
1494412414 113.896830 22.951248 -11.-20 1.06 0.88 12 36 36 36 35
1494412415 113.896826 22.951245 -10.-90 1.06 0.88 12 37 37 36 36
1494412416 113.896823 22.951243 -10.-70 1.23 0.88 12 38 37 36 36
1494412417 113.896820 22.951241 -10.-50 1.23 0.91 12 38 38 36 35
1494412418 113.896820 22.951241 -10.-50 1.23 0.91 12 38 38 36 35
1494412419 113.896818 22.951240 -10.-30 1.23 0.91 12 36 36 35 35
1494412420 113.896820 22.951236 -9.-90 0.91 0.91 12 36 36 36 35
1494412420 113.896820 22.951235 -10.00 0.91 0.77 12 37 37 36 36
1494412422 113.896820 22.951233 -9.-90 0.91 0.77 12 38 35 35 35
1494412423 113.896820 22.951231 -9.-80 0.91 0.77 12 38 37 35 35
1494412424 113.896820 22.951230 -9.-80 0.91 0.77 12 38 37 35 35
1494412425 113.896821 22.951228 -9.-80 0.91 0.77 12 36 36 36 35
1494412426 113.896821 22.951230 -9.-80 0.91 0.77 12 36 36 36 36
1494412427 113.896821 22.951228 -9.-80 0.91 0.77 12 37 36 36 35
1494412428 113.896821 22.951228 -9.-80 0.91 0.77 12 37 36 36 35
1494412429 113.896821 22.951228 -9.-80 0.91 0.77 12 37 36 36 35
1494412430 113.896821 22.951228 -9.-80 0.91 0.77 12 37 36 36 36
1494412431 113.896823 22.951226 -9.-80 0.91 0.77 12 37 37 36 36
1494412432 113.896823 22.951226 -9.-80 0.90 0.77 12 38 37 36 35
1494412433 113.896823 22.951226 -9.-80 0.90 0.76 12 39 37 36 35
1494412434 113.896823 22.951226 -9.-80 0.90 0.76 12 39 37 36 35
1494412435 113.896823 22.951226 -9.-90 0.90 0.76 12 39 37 36 34
1494412436 113.896823 22.951226 -9.-80 0.91 0.76 12 39 37 36 34
1494412437 113.896825 22.951228 -10.00 0.91 0.77 12 40 37 36 34
1494412438 113.896825 22.951230 -10.-20 0.91 0.77 12 40 37 36 34
1494412439 113.896823 22.951230 -10.-10 0.91 0.77 12 39 37 35 34
1494412440 113.896823 22.951230 -10.-20 0.93 0.77 12 39 37 35 35
1494412441 113.896823 22.951230 -10.-10 0.93 0.80 12 39 37 36 35
1494412442 113.896825 22.951231 -10.00 0.93 0.80 12 39 37 36 35
1494412443 113.896826 22.951233 -9.-90 0.93 0.80 12 37 36 36 35
1494412444 113.896828 22.951233 -9.-80 0.90 0.80 12 36 36 36 35
1494412445 113.896830 22.951233 -9.-80 0.90 0.76 12 36 36 36 35
1494412446 113.896831 22.951235 -9.-80 0.90 0.76 12 37 36 36 36
1494412447 113.896833 22.951233 -9.-70 0.90 0.76 12 38 36 36 36
1494412448 113.896836 22.951231 -9.-60 0.91 0.76 12 38 36 36 36
1494412449 113.896838 22.951230 -9.-50 0.91 0.79 12 38 37 36 35
1494412450 113.896840 22.951230 -9.-50 0.91 0.79 12 38 37 36 35
1494412451 113.896840 22.951230 -9.-50 1.00 0.79 12 41 38 38 35
1494412452 113.896840 22.951228 -9.-50 0.90 0.82 12 41 37 37 34
1494412453 113.896836 22.951226 -9.-30 0.90 0.76 12 37 36 35 33
1494412454 113.896835 22.951225 -9.-20 0.90 0.76 12 36 35 33 32
1494412455 113.896835 22.951223 -9.-20 0.90 0.76 12 34 34 33 33
1494412456 113.896835 22.951223 -9.-30 0.90 0.76 12 33 33 33 33
1494412457 113.896833 22.951221 -9.-30 0.90 0.76 12 42 33 32 31
1494412458 113.896833 22.951218 -9.-20 0.79 0.76 12 41 34 33 32
1494412459 113.896831 22.951220 -9.-30 0.79 0.76 12 40 34 33 33
1494412460 113.896831 22.951216 -9.-30 0.79 0.76 12 39 34 33 33
1494412461 113.896831 22.951216 -9.-40 0.79 0.76 12 39 34 33 32
1494412462 113.896833 22.951216 -9.-40 0.70 0.76 12 39 34 32 31
1494412463 113.896835 22.951216 -9.-50 0.70 0.76 12 39 34 32 31
1494412464 113.896836 22.951216 -9.-60 0.70 0.76 12 38 37 33 32
1494412465 113.896836 22.951216 -9.-60 0.75 0.76 12 37 37 33 32
1494412466 113.896838 22.951218 -9.-60 0.75 0.76 12 36 36 34 33
1494412467 113.896838 22.951218 -9.-70 0.90 0.76 12 39 37 36 34
1494412468 113.896838 22.951218 -9.-70 0.90 0.76 12 40 37 36 34
1494412469 113.896840 22.951216 -9.-80 0.90 0.76 12 40 37 35 35
1494412470 113.896841 22.951216 -9.-70 0.90 0.76 12 40 37 35 35
1494412471 113.896843 22.951221 -9.-70 0.90 0.76 12 39 37 35 34
1494412472 113.896843 22.951225 -9.-80 0.90 0.76 12 38 38 35 34
1494412473 113.896841 22.951226 -9.-80 0.90 0.76 12 38 37 35 35
1494412474 113.896841 22.951230 -10.00 0.90 0.76 12 38 37 35 35
1494412475 113.896841 22.951230 -10.-10 0.90 0.76 12 36 36 35 34
1494412476 113.896841 22.951231 -10.-20 0.91 0.76 12 36 35 35 34
1494412477 113.896841 22.951230 -10.-10 0.91 0.79 12 37 35 34 34
1494412478 113.896843 22.951228 -10.-10 0.91 0.79 12 38 35 34 34
1494412479 113.896841 22.951225 -9.-90 0.91 0.79 12 38 35 35 34
1494412480 113.896841 22.951221 -9.-60 0.91 0.79 12 38 36 35 34
1494412481 113.896841 22.951218 -9.-20 0.91 0.77 12 38 36 35 34
1494412482 113.896841 22.951218 -9.-20 0.89 0.77 12 38 37 35 35
1494412483 113.896840 22.951216 -9.00 0.89 0.76 12 37 37 35 35
1494412484 113.896838 22.951215 -8.-80 0.91 0.76 12 37 37 35 35
1494412485 113.896838 22.951215 -8.-70 1.00 0.79 12 37 36 35 35
1494412486 113.896838 22.951215 -8.-80 1.00 0.82 12 36 36 36 36
1494412487 113.896838 22.951215 -8.-80 1.00 0.82 12 37 36 36 36
1494412488 113.896838 22.951215 -8.-80 0.80 0.82 12 37 36 36 36
1494412489 113.896838 22.951215 -8.-80 0.75 0.81 12 37 36 36 36
1494412490 113.896838 22.951215 -8.-80 0.75 0.76 12 37 37 37 35
1494412491 113.896838 22.951215 -8.-80 0.75 0.76 12 38 38 37 35
1494412492 113.896838 22.951215 -8.-70 0.89 0.76 12 38 38 37 35
1494412493 113.896838 22.951215 -8.-70 0.89 0.76 12 38 38 36 35
1494412494 113.896838 22.951215 -8.-70 0.89 0.76 12 38 38 36 35
1494412495 113.896838 22.951215 -8.-80 0.89 0.76 12 39 37 36 35
1494412496 113.896838 22.951213 -8.-70 0.91 0.76 12 39 37 36 35
1494412497 113.896840 22.951215 -8.-80 0.91 0.77 12 40 37 36 34
1494412498 113.896841 22.951216 -8.-90 0.91 0.77 12 41 37 36 34
1494412499 113.896841 22.951216 -8.-80 0.91 0.77 12 41 37 36 35
1494412500 113.896843 22.951215 -8.-80 0.93 0.77 12 41 37 36 35
1494412501 113.896841 22.951215 -8.-70 0.93 0.80 12 41 36 36 35
1494412502 113.896841 22.951213 -8.-60 0.93 0.80 12 41 36 36 35
1494412503 113.896840 22.951213 -8.-50 0.93 0.80 12 37 35 34 34
1494412504 113.896836 22.951211 -8.-40 0.91 0.80 12 38 34 34 34
1494412505 113.896835 22.951211 -8.-30 0.91 0.76 12 38 34 34 34
1494412506 113.896835 22.951210 -8.-30 0.91 0.76 12 38 34 34 34
1494412507 113.896833 22.951210 -8.-20 0.91 0.76 12 38 34 34 33
1494412508 113.896833 22.951208 -8.-10 0.93 0.76 12 38 34 34 33
1494412509 113.896833 22.951206 -8.00 0.93 0.79 12 36 34 32 32
1494412510 113.896833 22.951206 -8.00 0.93 0.79 12 35 34 32 32
1494412511 113.896833 22.951205 -8.00 0.91 0.79 12 35 33 32 32
1494412512 113.896833 22.951205 -8.00 0.89 0.76 12 36 34 34 33
1494412513 113.896830 22.951203 -7.-80 0.89 0.76 12 36 35 35 33
1494412514 113.896826 22.951201 -7.-70 0.89 0.76 12 36 36 36 34
1494412515 113.896828 22.951201 -7.-70 0.89 0.76 12 37 36 36 35
1494412516 113.896828 22.951201 -7.-70 0.89 0.76 12 37 36 36 35
1494412517 113.896830 22.951201 -7.-70 0.89 0.76 12 37 36 36 35
1494412518 113.896830 22.951201 -7.-60 0.89 0.76 12 37 36 36 34
1494412519 113.896828 22.951201 -7.-60 0.89 0.76 12 37 36 36 34
1494412520 113.896828 22.951201 -7.-60 0.89 0.76 12 37 36 36 34
1494412521 113.896830 22.951201 -7.-60 0.79 0.76 12 37 36 36 34
1494412522 113.896830 22.951201 -7.-60 0.79 0.76 12 37 36 36 34
1494412523 113.896830 22.951201 -7.-60 0.79 0.76 12 37 36 36 34
1494412524 113.896830 22.951201 -7.-50 0.89 0.76 12 37 36 36 33
1494412525 113.896830 22.951203 -7.-60 0.89 0.76 12 37 36 36 33
1494412526 113.896830 22.951203 -7.-50 0.89 0.76 12 37 36 36 33
1494412527 113.896831 22.951205 -7.-60 0.89 0.76 12 37 36 36 33
1494412528 113.896833 22.951206 -7.-60 0.89 0.76 12 37 36 36 33
1494412529 113.896831 22.951208 -7.-60 0.89 0.76 12 37 37 36 33
1494412530 113.896831 22.951210 -7.-60 0.89 0.76 12 37 37 36 33
1494412531 113.896831 22.951210 -7.-40 0.89 0.76 12 38 38 37 37
1494412532 113.896831 22.951210 -7.-30 0.89 0.76 12 38 38 37 37
1494412533 113.896831 22.951210 -7.-10 0.89 0.76 12 38 37 37 36
1494412534 113.896833 22.951208 -7.00 0.89 0.76 12 38 38 37 37
1494412535 113.896831 22.951206 -6.-90 0.89 0.76 12 38 37 37 36
1494412536 113.896831 22.951205 -6.-80 0.89 0.76 12 39 38 37 36
1494412537 113.896830 22.951205 -6.-70 0.89 0.76 12 39 39 36 36
1494412538 113.896830 22.951203 -6.-70 0.89 0.76 12 40 39 36 35
1494412539 113.896828 22.951203 -6.-70 0.89 0.76 12 40 39 36 35
1494412540 113.896828 22.951201 -6.-70 0.91 0.76 12 40 39 36 35
1494412541 113.896828 22.951201 -6.-60 0.89 0.79 12 38 38 36 35
1494412542 113.896828 22.951201 -6.-60 0.89 0.76 12 38 37 36 35
1494412543 113.896826 22.951200 -6.-40 0.89 0.76 12 38 37 36 36
1494412544 113.896825 22.951198 -6.-30 0.89 0.76 12 38 37 36 36
1494412545 113.896825 22.951200 -6.-30 0.89 0.76 12 38 37 37 36
1494412546 113.896825 22.951200 -6.-40 0.89 0.76 12 38 36 36 36
1494412547 113.896825 22.951200 -6.-50 0.75 0.76 12 38 37 36 35
1494412548 113.896825 22.951200 -6.-40 0.75 0.76 12 39 37 36 35
1494412549 113.896825 22.951200 -6.-50 0.75 0.76 12 40 37 35 35
1494412550 113.896825 22.951200 -6.-50 0.89 0.76 13 40 37 35 35
1494412551 113.896825 22.951200 -6.-40 0.89 0.76 13 40 37 35 35
1494412552 113.896825 22.951198 -6.-40 0.89 0.76 13 40 37 35 35
1494412553 113.896826 22.951198 -6.-50 0.89 0.76 13 40 37 36 35
1494412554 113.896826 22.951198 -6.-50 0.89 0.76 13 40 37 36 35
1494412555 113.896826 22.951200 -6.-50 0.89 0.76 13 40 37 36 35
1494412556 113.896826 22.951200 -6.-50 0.89 0.76 13 40 37 36 36
1494412557 113.896828 22.951201 -6.-60 0.89 0.76 13 40 38 37 36
1494412558 113.896828 22.951203 -6.-70 0.89 0.76 13 40 38 37 36
1494412559 113.896828 22.951203 -6.-70 0.89 0.76 13 40 38 37 36
1494412560 113.896826 22.951203 -6.-70 0.92 0.76 13 40 38 37 36
1494412561 113.896825 22.951203 -6.-50 0.92 0.78 13 40 37 36 36
1494412562 113.896825 22.951205 -6.-30 0.92 0.78 13 40 38 37 36
1494412563 113.896823 22.951206 -5.-90 0.92 0.78 13 39 38 38 36
1494412564 113.896821 22.951206 -5.-90 0.92 0.78 13 38 38 38 36
1494412565 113.896820 22.951206 -5.-90 0.92 0.78 13 38 38 38 36
1494412566 113.896820 22.951208 -5.-70 0.92 0.78 13 38 38 38 36
1494412567 113.896816 22.951206 -5.-60 0.92 0.78 13 39 38 38 36
1494412568 113.896815 22.951206 -5.-40 0.89 0.78 13 39 38 38 36
1494412569 113.896813 22.951208 -5.-20 0.89 0.76 13 39 39 38 37
1494412570 113.896811 22.951208 -5.00 0.89 0.76 13 39 39 38 37
1494412571 113.896808 22.951208 -5.00 0.89 0.76 13 39 39 39 36
1494412572 113.896808 22.951208 -4.-80 0.89 0.76 13 38 38 37 37
1494412573 113.896805 22.951208 -4.-70 0.89 0.76 13 37 37 37 36
1494412574 113.896803 22.951206 -4.-50 0.89 0.76 13 37 37 36 36
1494412575 113.896805 22.951208 -4.-50 0.89 0.76 13 38 37 36 35
1494412576 113.896806 22.951208 -4.-50 0.89 0.76 13 38 37 37 36
1494412577 113.896806 22.951210 -4.-50 0.89 0.76 13 39 38 38 37
1494412578 113.896808 22.951210 -4.-40 0.89 0.76 13 39 38 38 37
1494412579 113.896808 22.951210 -4.-40 0.89 0.76 13 37 37 37 36
1494412580 113.896808 22.951210 -4.-30 0.89 0.76 13 37 37 37 37
1494412581 113.896808 22.951210 -4.-30 0.89 0.76 13 39 37 36 36
1494412582 113.896811 22.951210 -4.-20 0.89 0.76 13 39 38 37 36
1494412583 113.896811 22.951208 -4.-10 0.75 0.77 13 38 38 38 36
1494412584 113.896813 22.951205 -4.00 0.89 0.76 13 39 37 37 36
1494412585 113.896811 22.951205 -3.-80 0.89 0.76 13 41 37 37 37
1494412586 113.896811 22.951205 -3.-70 0.89 0.76 13 42 38 37 37
1494412587 113.896811 22.951203 -3.-70 0.89 0.76 13 42 38 37 36
1494412588 113.896811 22.951205 -3.-60 0.89 0.76 13 42 38 37 36
1494412589 113.896811 22.951206 -3.-60 0.89 0.76 13 41 38 37 36
1494412590 113.896811 22.951206 -3.-60 0.89 0.76 13 40 38 37 37
1494412591 113.896811 22.951206 -3.-40 0.89 0.76 13 39 39 38 37
1494412592 113.896811 22.951206 -3.-30 1.06 0.76 13 40 38 38 37
1494412593 113.896811 22.951206 -3.-10 1.06 0.78 13 40 38 38 37
1494412594 113.896811 22.951206 -3.00 1.06 0.78 13 40 38 38 37
1494412595 113.896811 22.951206 -2.-80 1.06 0.78 13 40 37 37 36
1494412596 113.896813 22.951206 -2.-70 0.89 0.78 13 40 37 36 35
1494412597 113.896813 22.951206 -2.-70 0.89 0.77 13 40 36 35 35
1494412598 113.896813 22.951206 -2.-60 0.89 0.77 13 40 36 35 35
1494412599 113.896811 22.951206 -2.-50 0.89 0.77 13 39 37 35 35
1494412600 113.896811 22.951205 -2.-40 0.89 0.77 13 38 37 35 35
1494412601 113.896810 22.951210 -2.-40 0.91 0.77 13 38 38 37 36
1494412602 113.896808 22.951213 -2.-20 0.91 0.80 13 39 37 36 34
1494412603 113.896806 22.951216 -2.-10 0.91 0.80 13 38 37 36 32
1494412604 113.896805 22.951218 -2.-10 0.95 0.80 13 38 37 36 32
1494412605 113.896808 22.951218 -2.-30 0.95 0.81 13 38 38 36 31
1494412606 113.896808 22.951216 -2.-40 0.95 0.81 13 38 38 36 31
1494412607 113.896805 22.951216 -2.-30 0.95 0.81 13 40 39 37 37
1494412608 113.896805 22.951213 -2.-20 0.91 0.81 13 40 40 37 36
1494412609 113.896805 22.951215 -2.-20 0.91 0.80 13 39 38 37 37
1494412610 113.896803 22.951213 -2.-20 0.91 0.80 13 38 38 37 37
1494412610 113.896803 22.951213 -2.-20 1.04 0.80 13 38 38 37 36
1494412612 113.896801 22.951211 -2.-10 0.89 0.78 13 38 37 37 35
1494412613 113.896798 22.951211 -1.-80 0.89 0.77 13 38 37 36 35
1494412614 113.896795 22.951211 -1.-70 0.89 0.77 13 38 37 36 35
1494412615 113.896795 22.951211 -1.-70 0.89 0.77 13 38 36 36 35
1494412616 113.896793 22.951213 -1.-70 0.89 0.77 13 38 36 36 35
1494412617 113.896795 22.951213 -1.-80 0.89 0.77 13 38 36 35 35
1494412618 113.896800 22.951216 -1.-90 0.89 0.77 13 38 36 35 35
1494412619 113.896800 22.951215 -2.00 0.89 0.77 13 38 36 36 35
1494412620 113.896801 22.951215 -2.00 0.95 0.77 13 38 37 36 35
1494412621 113.896801 22.951213 -2.-10 0.95 0.81 13 38 37 36 34
1494412622 113.896801 22.951211 -2.00 0.95 0.81 13 38 37 36 34
1494412623 113.896801 22.951208 -1.-90 0.95 0.81 13 38 37 36 34
1494412624 113.896801 22.951210 -1.-90 0.95 0.81 13 38 37 36 34
1494412625 113.896800 22.951208 -1.-80 0.95 0.81 13 38 37 36 34
1494412626 113.896800 22.951210 -1.-70 0.95 0.81 13 38 38 35 34
1494412627 113.896801 22.951210 -1.-60 0.95 0.81 13 38 37 34 34
1494412628 113.896803 22.951213 -1.-50 1.04 0.81 13 38 37 34 34
1494412629 113.896803 22.951211 -1.-50 1.04 0.79 13 39 39 38 36
1494412630 113.896805 22.951213 -1.-50 1.04 0.79 13 39 39 38 36
1494412630 113.896805 22.951213 -1.-50 0.89 0.79 13 39 38 38 37
1494412632 113.896806 22.951213 -1.-40 0.89 0.77 13 40 39 37 36
1494412633 113.896805 22.951211 -1.-20 0.89 0.77 13 39 39 37 36
1494412634 113.896805 22.951210 -1.-10 0.89 0.77 13 39 38 37 35
1494412635 113.896805 22.951211 -1.00 0.89 0.77 13 39 38 37 36
1494412636 113.896805 22.951211 -1.-10 0.89 0.77 13 39 38 37 35
1494412637 113.896805 22.951211 -1.-10 0.89 0.77 13 39 38 37 35
1494412638 113.896805 22.951211 -1.00 0.89 0.77 13 39 38 37 35
1494412639 113.896808 22.951211 -1.-20 0.89 0.77 13 36 35 34 33
1494412640 113.896810 22.951213 -1.-30 0.89 0.77 13 38 38 37 37
1494412641 113.896811 22.951215 -1.-40 0.89 0.77 13 38 38 37 37
1494412642 113.896811 22.951215 -1.-40 0.89 0.77 13 38 38 37 37
1494412643 113.896813 22.951218 -1.-60 0.89 0.77 13 39 38 37 37
1494412644 113.896815 22.951218 -1.-70 0.89 0.77 13 40 38 37 37
1494412645 113.896815 22.951216 -1.-70 0.89 0.77 13 40 38 37 37
1494412646 113.896815 22.951215 -1.-60 0.89 0.77 13 40 38 37 37
1494412647 113.896816 22.951215 -1.-70 0.89 0.77 13 40 38 37 36
1494412648 113.896820 22.951216 -1.-80 1.04 0.77 13 40 38 37 36
1494412649 113.896820 22.951216 -1.-80 1.04 0.78 13 40 38 37 36
1494412650 113.896820 22.951216 -1.-90 1.04 0.78 13 40 38 37 36
1494412651 113.896820 22.951215 -1.-80 1.04 0.78 13 40 38 37 37
1494412652 113.896818 22.951215 -1.-80 0.89 0.78 13 40 38 37 37
1494412653 113.896818 22.951213 -1.-70 0.89 0.77 13 39 38 36 34
1494412654 113.896816 22.951211 -1.-60 0.89 0.77 13 39 37 35 34
1494412655 113.896815 22.951211 -1.-50 0.89 0.77 13 39 35 32 32
1494412656 113.896815 22.951210 -1.-50 0.89 0.77 13 39 35 32 32
1494412657 113.896821 22.951208 -1.-40 0.89 0.77 13 38 35 35 35
1494412658 113.896823 22.951206 -1.-30 0.89 0.77 13 37 35 35 35
1494412659 113.896825 22.951203 -1.-20 0.89 0.77 13 40 37 35 35
1494412660 113.896826 22.951203 -1.-20 0.98 0.77 13 40 37 35 35
1494412661 113.896826 22.951201 -1.-10 0.98 0.83 13 39 39 37 36
1494412662 113.896826 22.951200 -1.-10 0.98 0.83 13 39 38 37 36
1494412663 113.896826 22.951198 -1.-10 0.98 0.83 13 39 37 37 35
1494412664 113.896826 22.951198 -1.00 0.88 0.83 13 39 37 37 35
1494412665 113.896826 22.951196 -1.00 0.88 0.77 13 39 37 37 36
1494412666 113.896826 22.951196 -1.00 0.88 0.77 13 39 37 37 36
1494412667 113.896826 22.951196 -1.00 0.88 0.77 13 39 37 36 36
1494412668 113.896826 22.951195 -1.00 0.88 0.77 13 39 37 36 36
1494412669 113.896825 22.951195 -1.00 0.88 0.77 13 39 37 36 36
1494412670 113.896825 22.951195 -1.00 0.88 0.77 13 39 37 36 36
1494412671 113.896825 22.951193 -1.00 0.88 0.77 13 39 37 37 37
1494412672 113.896825 22.951193 -1.00 0.88 0.77 13 39 38 37 37
1494412673 113.896825 22.951191 -1.00 0.88 0.77 13 38 38 37 37
1494412674 113.896823 22.951191 0.-90 0.88 0.77 13 38 38 36 36
1494412675 113.896821 22.951190 0.-70 0.88 0.77 13 38 37 37 36
1494412676 113.896820 22.951188 0.-50 0.90 0.77 13 38 37 37 36
1494412677 113.896823 22.951193 0.-70 0.90 0.80 13 36 36 36 34
1494412678 113.896825 22.951193 0.-80 0.90 0.80 13 36 35 35 34
1494412679 113.896821 22.951190 -1.00 0.90 0.80 13 37 36 34 33
1494412680 113.896826 22.951193 -1.-10 1.14 0.80 13 38 36 34 34
1494412681 113.896825 22.951191 -1.-20 1.14 0.80 13 37 36 35 34
1494412682 113.896826 22.951195 -1.-20 1.14 0.80 13 37 36 35 34
1494412683 113.896825 22.951195 -1.-20 1.14 0.80 13 37 36 35 35
1494412684 113.896825 22.951195 -1.-20 0.90 0.80 13 37 36 36 35
1494412685 113.896825 22.951198 -1.-20 0.90 0.77 13 38 37 35 35
1494412686 113.896825 22.951201 -1.-20 0.90 0.77 13 39 37 35 35
1494412687 113.896825 22.951203 -1.-20 0.90 0.77 13 39 36 36 36
1494412688 113.896825 22.951205 -1.-20 0.88 0.77 13 39 37 37 35
1494412689 113.896825 22.951206 -1.-20 0.88 0.77 13 39 38 37 35
1494412690 113.896825 22.951206 -1.-20 0.88 0.77 13 39 39 37 35
1494412691 113.896826 22.951206 -1.-20 0.88 0.77 13 39 39 38 36
1494412692 113.896825 22.951205 -1.-10 0.88 0.77 13 39 39 37 36
1494412693 113.896821 22.951203 0.-80 0.88 0.77 13 39 39 37 36
1494412694 113.896821 22.951201 0.-70 0.88 0.77 13 40 39 36 34
1494412695 113.896821 22.951201 0.-70 0.78 0.77 13 40 39 36 35
1494412696 113.896821 22.951201 0.-70 0.78 0.77 13 40 39 36 36
1494412697 113.896821 22.951201 0.-70 0.78 0.77 13 40 39 36 36
1494412698 113.896821 22.951201 0.-70 0.78 0.77 13 40 39 37 36
1494412699 113.896821 22.951201 0.-70 0.78 0.77 13 40 39 37 36
1494412700 113.896820 22.951203 0.-60 0.78 0.77 13 39 39 37 36
1494412701 113.896818 22.951206 0.-40 0.78 0.77 13 39 39 36 36
1494412702 113.896818 22.951208 0.-30 0.78 0.77 13 37 36 36 36
1494412703 113.896820 22.951205 0.-20 0.88 0.77 13 37 37 37 37
1494412704 113.896820 22.951206 0.-10 0.95 0.77 13 38 38 37 36
1494412705 113.896820 22.951205 0.00 0.95 0.77 13 41 40 37 33
1494412706 113.896821 22.951205 0.20 0.95 0.77 13 41 41 36 34
1494412707 113.896823 22.951205 0.10 0.95 0.77 13 42 41 34 34
1494412708 113.896821 22.951206 0.10 0.89 0.77 13 43 41 34 33
1494412709 113.896821 22.951205 0.30 0.89 0.79 13 42 41 34 33
1494412710 113.896821 22.951206 0.30 0.89 0.79 13 41 41 34 34
1494412711 113.896821 22.951206 0.40 0.89 0.79 13 41 40 35 34
1494412712 113.896821 22.951208 0.40 0.99 0.79 13 41 39 36 34
1494412713 113.896825 22.951208 0.50 0.99 0.84 13 40 39 35 33
1494412714 113.896825 22.951205 0.60 0.99 0.84 13 40 39 34 34
1494412715 113.896826 22.951205 0.60 0.99 0.84 13 34 32 32 30
1494412716 113.896826 22.951203 0.70 1.02 0.84 13 34 32 32 30
1494412717 113.896825 22.951200 0.80 1.02 0.79 13 35 30 27 25
1494412718 113.896823 22.951198 0.80 1.02 0.79 13 35 30 27 25
1494412719 113.896826 22.951195 0.90 1.53 0.79 13 29 26 23 22
1494412720 113.896830 22.951195 0.90 1.50 0.95 13 29 25 22 19
1494412721 113.896831 22.951195 0.90 1.18 0.98 13 30 25 23 19
1494412722 113.896833 22.951203 0.90 1.12 0.91 13 30 25 22 19
1494412723 113.896830 22.951205 1.00 0.91 0.89 13 29 25 23 19
1494412724 113.896833 22.951213 1.00 0.91 0.86 13 29 25 22 18
1494412725 113.896835 22.951221 1.00 0.91 0.86 13 29 26 22 17
1494412726 113.896835 22.951231 1.10 0.91 0.86 13 29 27 22 17
1494412727 113.896836 22.951240 1.10 0.97 0.86 13 29 27 22 17
1494412728 113.896838 22.951245 1.10 1.16 0.89 13 29 28 22 17
1494412729 113.896845 22.951246 1.20 1.16 0.89 13 29 28 23 17
1494412730 113.896846 22.951250 1.10 1.16 0.89 13 29 28 24 18
1494412731 113.896843 22.951258 1.10 1.16 0.89 13 29 28 24 19
1494412732 113.896841 22.951256 1.10 1.11 0.89 13 29 26 23 18
1494412733 113.896840 22.951251 1.10 1.11 0.86 13 28 25 23 18
1494412734 113.896841 22.951250 1.10 1.10 0.86 13 28 24 23 17
1494412735 113.896838 22.951248 1.00 1.12 0.86 13 28 24 23 17
1494412736 113.896836 22.951245 0.90 1.12 0.89 13 28 24 23 17
1494412737 113.896831 22.951246 0.90 1.16 0.89 13 28 24 23 17
1494412738 113.896823 22.951248 0.80 1.16 0.89 13 28 23 23 17
1494412739 113.896821 22.951248 0.70 1.16 0.89 13 28 23 23 18
1494412740 113.896825 22.951250 0.70 1.16 0.89 13 28 23 23 19
1494412741 113.896818 22.951248 0.60 1.16 0.89 13 28 23 22 19
1494412742 113.896826 22.951221 0.60 1.12 0.89 13 28 24 22 22
1494412743 113.896841 22.951215 0.60 1.12 0.89 12 39 38 29 25
1494412744 113.896850 22.951210 0.70 1.12 0.89 12 40 37 36 33
1494412745 113.896856 22.951206 0.70 1.12 0.89 12 40 37 34 34
1494412746 113.896860 22.951205 0.80 1.12 0.89 12 40 37 34 33
1494412747 113.896863 22.951201 0.80 1.12 0.89 12 39 33 33 30
1494412748 113.896866 22.951198 0.90 1.29 0.89 12 38 33 32 30
1494412749 113.896870 22.951193 0.90 1.29 0.91 12 33 33 30 28
1494412750 113.896871 22.951195 1.00 1.29 0.91 12 34 33 30 28
1494412751 113.896853 22.951208 1.60 0.91 0.91 12 41 35 34 30
1494412752 113.896846 22.951211 2.10 0.91 0.86 13 41 36 34 29
1494412753 113.896853 22.951210 2.90 0.85 0.86 13 41 38 34 28
1494412754 113.896853 22.951208 3.70 0.85 0.86 13 41 38 34 29
1494412755 113.896853 22.951210 4.00 0.85 0.86 13 41 38 34 30
1494412756 113.896850 22.951211 3.90 0.83 0.86 13 41 39 34 31
1494412757 113.896850 22.951213 3.90 0.84 0.86 13 41 40 34 32
1494412758 113.896848 22.951216 4.00 0.83 0.88 13 41 40 34 32
1494412759 113.896845 22.951221 4.00 0.83 0.86 13 41 40 34 32
1494412760 113.896845 22.951223 4.00 0.83 0.86 13 41 40 34 32
1494412761 113.896845 22.951223 4.10 0.83 0.86 13 41 40 34 32
1494412762 113.896843 22.951223 4.20 0.83 0.86 13 41 40 34 33
1494412763 113.896841 22.951225 4.30 0.83 0.86 13 41 40 34 33
1494412764 113.896838 22.951228 4.40 1.09 0.86 13 41 40 34 33
1494412765 113.896835 22.951231 4.60 1.09 0.87 13 41 40 35 33
1494412766 113.896830 22.951236 4.70 1.09 0.87 13 41 40 35 33
1494412767 113.896825 22.951243 4.80 1.09 0.87 13 41 40 35 33
1494412768 113.896818 22.951246 5.00 1.27 0.87 13 41 40 35 33
1494412769 113.896811 22.951250 5.20 1.27 0.95 13 41 40 35 33
1494412770 113.896805 22.951251 5.40 1.27 0.95 13 41 40 35 33
1494412771 113.896801 22.951251 5.50 1.27 0.95 13 41 40 35 33
1494412772 113.896796 22.951250 5.60 1.27 0.95 13 41 40 35 33
1494412773 113.896795 22.951246 5.70 1.27 0.95 13 41 40 35 33
1494412774 113.896793 22.951245 5.80 1.27 0.95 13 41 40 35 33
1494412775 113.896795 22.951241 6.00 1.27 0.95 13 41 40 35 33
1494412776 113.896793 22.951240 6.10 1.27 0.95 13 41 39 35 33
1494412777 113.896791 22.951238 6.30 1.27 0.95 13 41 39 35 33
1494412778 113.896791 22.951235 6.30 1.27 0.95 13 41 39 35 33
1494412779 113.896791 22.951233 6.40 1.27 0.95 13 41 39 35 33
1494412780 113.896788 22.951231 6.60 1.27 0.95 13 41 39 35 33
1494412780 113.896790 22.951228 6.60 1.12 0.95 13 40 39 35 32
1494412782 113.896790 22.951225 6.70 1.12 0.92 13 40 39 34 32
1494412783 113.896788 22.951223 6.80 1.12 0.92 13 40 40 34 32
1494412784 113.896786 22.951221 6.90 1.03 0.92 13 40 40 34 31
1494412785 113.896786 22.951221 7.10 1.03 0.87 13 40 40 34 32
1494412786 113.896786 22.951221 7.20 1.03 0.87 13 40 40 34 32
1494412787 113.896786 22.951220 7.30 1.03 0.87 13 40 40 34 32
1494412788 113.896786 22.951218 7.40 0.98 0.87 13 40 40 34 32
1494412789 113.896786 22.951216 7.50 0.97 0.84 13 40 39 34 32
1494412790 113.896786 22.951216 7.60 0.97 0.83 13 40 39 33 32
1494412791 113.896786 22.951213 7.70 0.97 0.83 13 40 39 33 32
1494412792 113.896786 22.951211 7.90 0.98 0.83 13 40 39 33 32
1494412793 113.896788 22.951210 8.00 0.98 0.84 13 40 39 33 32
1494412794 113.896786 22.951211 7.90 0.98 0.84 13 40 39 33 32
1494412795 113.896785 22.951213 7.80 0.98 0.84 13 41 39 34 32
1494412796 113.896785 22.951215 7.80 1.27 0.84 13 41 39 34 32
1494412797 113.896781 22.951216 7.80 1.27 0.95 13 41 39 33 32
1494412798 113.896780 22.951218 7.80 1.27 0.95 13 41 39 33 32
1494412799 113.896780 22.951218 7.80 1.27 0.95 13 41 39 34 32
1494412800 113.896778 22.951220 7.70 1.27 0.95 13 41 40 34 32
1494412801 113.896778 22.951216 8.00 1.27 0.95 13 41 40 34 31
1494412802 113.896778 22.951211 8.20 1.27 0.95 13 41 40 34 31
1494412803 113.896781 22.951210 8.50 1.27 0.95 13 41 40 35 33
1494412804 113.896780 22.951208 8.50 1.27 0.95 13 41 40 36 34
1494412805 113.896783 22.951205 8.70 1.27 0.95 13 41 40 35 34
1494412806 113.896785 22.951203 8.80 1.27 0.95 13 41 40 34 34
1494412807 113.896785 22.951198 8.90 1.27 0.95 13 41 39 35 35
1494412808 113.896785 22.951195 9.00 0.99 0.95 13 41 38 35 35
1494412809 113.896783 22.951191 9.20 0.99 0.80 13 40 38 35 35
1494412810 113.896783 22.951190 9.30 0.99 0.80 13 40 38 35 35
1494412811 113.896783 22.951190 9.30 0.88 0.80 13 40 38 36 35
1494412812 113.896783 22.951188 9.50 0.88 0.78 13 40 38 36 36
1494412813 113.896785 22.951185 9.60 0.88 0.78 13 40 38 36 36
1494412814 113.896785 22.951185 9.80 0.76 0.78 13 40 37 36 36
1494412815 113.896785 22.951183 9.80 0.74 0.78 13 40 37 37 36
1494412816 113.896783 22.951185 9.70 0.74 0.78 13 39 37 37 36
1494412817 113.896785 22.951185 9.80 0.74 0.78 13 39 37 37 36
1494412818 113.896785 22.951183 9.80 0.74 0.78 13 39 37 37 36
1494412819 113.896785 22.951183 9.80 0.74 0.78 13 39 37 37 36
1494412820 113.896785 22.951183 9.80 0.74 0.78 13 39 37 37 36
1494412821 113.896785 22.951183 9.80 0.74 0.78 13 39 37 37 35
1494412822 113.896785 22.951183 9.80 0.74 0.78 13 39 37 36 35
1494412823 113.896785 22.951183 9.80 0.74 0.78 13 39 37 36 35
1494412824 113.896785 22.951183 9.80 0.88 0.78 13 39 37 36 35
1494412825 113.896786 22.951185 9.70 0.88 0.78 13 39 38 36 35
1494412826 113.896790 22.951186 9.60 0.88 0.78 13 39 38 36 35
1494412827 113.896791 22.951186 9.50 0.88 0.78 13 39 38 36 35
1494412828 113.896790 22.951186 9.50 0.88 0.78 13 39 38 36 35
1494412829 113.896791 22.951188 9.40 0.88 0.80 13 39 38 37 35
1494412830 113.896790 22.951186 9.30 0.88 0.80 13 39 38 37 35
1494412831 113.896790 22.951186 9.40 0.88 0.80 13 39 37 37 34
1494412832 113.896788 22.951186 9.50 0.94 0.80 13 39 37 37 34
1494412833 113.896788 22.951185 9.60 0.94 0.78 13 39 37 37 34
1494412834 113.896786 22.951185 9.70 0.94 0.78 13 39 37 37 34
1494412835 113.896786 22.951183 9.80 0.94 0.78 13 39 37 37 34
1494412836 113.896786 22.951183 9.90 0.88 0.78 13 39 37 37 34
1494412837 113.896785 22.951181 9.90 0.88 0.78 13 38 37 37 34
1494412838 113.896785 22.951181 9.90 0.88 0.78 13 38 37 37 34
1494412839 113.896785 22.951180 9.90 0.88 0.78 13 38 38 38 35
1494412840 113.896783 22.951180 9.90 0.88 0.78 13 38 38 38 36
1494412841 113.896785 22.951180 9.90 0.97 0.80 13 39 38 37 34
1494412842 113.896785 22.951180 10.00 0.87 0.83 13 39 37 36 33
