# 163
# time lon lat ele hdop vdop speed direction journey journey3
1494415624.000000 113.89694683 22.95132477 24.32406235 7.75210714 3.26653028 2.49649811 0.24681449 0.00000000 0.00000000
1494415625.000000 113.89697375 22.95132987 24.29036522 6.19482374 3.25326014 2.15681386 0.29857498 2.81819002 2.81839147
1494415626.000000 113.89699608 22.95133527 24.22538567 4.18259144 3.14600253 2.09675241 0.28620487 5.18526138 5.18635456
1494415627.000000 113.89701518 22.95134099 24.16460228 3.50516200 2.89998078 2.00609422 0.28589857 7.24409514 7.24608538
1494415628.000000 113.89703103 22.95134635 24.12143135 4.68103552 3.30537939 1.75380504 0.29760301 8.97513717 8.97766565
1494415630.000000 113.89705520 22.95135594 24.05425644 2.99468756 2.50746679 1.34511280 0.31524140 11.67108880 11.67445405
1494415631.000000 113.89706463 22.95135830 24.03978539 2.96791148 2.16037869 1.15481412 0.30095842 12.67259398 12.67606377
1494415632.000000 113.89707117 22.95136008 24.00770760 2.93255138 1.96156061 1.05491793 0.29892272 13.37225772 13.37646247
1494415633.000000 113.89707395 22.95136106 23.97567940 4.16845274 2.07072854 0.94448811 0.29876274 13.67753451 13.68341479
1494415635.000000 113.89707478 22.95136069 23.91176796 3.16268349 1.83057690 0.72204590 0.28249818 13.77111313 13.79673570
1494415636.000000 113.89707852 22.95136122 23.87971497 1.67944968 1.68253493 0.00000000 0.27513641 14.15942198 14.18636522
1494415639.000000 113.89708829 22.95136465 24.10844040 7.52485323 3.22378922 2.69939947 -2.60019183 15.23064108 15.28173076
1494415640.000000 113.89706689 22.95135260 24.13507843 4.71173906 3.21823597 2.54097271 -2.60993314 17.79912184 17.85034965
1494415641.000000 113.89704501 22.95134046 24.15427780 3.57662487 3.10006070 2.27038860 -2.60411501 20.41516948 20.46646774
1494415642.000000 113.89702418 22.95132902 24.17125130 3.06498623 2.83067226 2.27448082 -2.60466862 22.89851350 22.94986977
1494415643.000000 113.89700401 22.95131811 24.18821716 2.79202533 2.56112742 2.26347661 -2.60556722 25.29470790 25.34612423
1494415644.000000 113.89698766 22.95130937 24.20517540 2.63311410 2.33378005 2.21587610 -2.60631561 27.23045649 27.28194710
1494415645.000000 113.89697334 22.95130125 24.22213554 2.53622031 2.14846635 0.00000000 -2.60522652 28.95269343 29.00426754
1494415696.000000 113.89694458 22.95127312 23.89999962 8.07627964 3.22378922 2.79882455 0.16495334 33.24260984 33.30626178
1494415697.000000 113.89696842 22.95127504 23.89668846 9.21684551 3.30091071 3.06140351 0.22160399 35.69684235 35.76049652
1494415698.000000 113.89699554 22.95127955 23.92557907 7.82938480 3.20955229 3.20867825 0.24267356 38.52257535 38.58637721
1494415699.000000 113.89702478 22.95128523 23.96817780 6.71220541 2.94722319 3.32260299 0.26417685 41.58673142 41.65082938
1494415700.000000 113.89705570 22.95129256 24.00094414 2.28129435 2.67590451 3.28710628 0.24707781 44.85950213 44.92376410
1494415701.000000 113.89709010 22.95130284 24.00006294 2.13134623 2.44382691 3.20313048 0.23708439 48.56662294 48.63088502
1494415702.000000 113.89712427 22.95131264 23.99270058 2.05376720 2.25318432 3.16730142 0.21388534 52.23603629 52.30030575
1494415703.000000 113.89715721 22.95132154 23.95456314 2.00013065 2.09653234 3.13800645 0.19650856 55.75465217 55.81912831
1494415704.000000 113.89718485 22.95132413 23.90339851 1.97418165 1.96628833 3.10841060 0.16586006 58.60437502 58.66931044
1494415705.000000 113.89720837 22.95132382 23.85645866 1.95276070 1.84268045 2.99375701 0.11628341 61.01704254 61.08243453
1494415706.000000 113.89723471 22.95132135 23.80037880 1.93877685 1.74178362 2.95327067 0.08114798 63.73218898 63.79816006
1494415707.000000 113.89726317 22.95132012 23.72194099 1.90775120 1.65699470 2.95458770 0.07135687 66.65443625 66.72145984
1494415708.000000 113.89729450 22.95131874 23.65298271 1.90040290 1.58422327 2.94374752 0.04551167 69.87105951 69.93882218
1494415709.000000 113.89732083 22.95131390 23.59255028 1.89682221 1.52076161 2.89244127 0.01417831 72.62381547 72.69224141
1494415710.000000 113.89734852 22.95131393 23.53962708 2.39143324 1.46472502 2.90242696 0.00293641 75.46416168 75.53308063
1494415711.000000 113.89737628 22.95131472 23.49329758 2.61702299 1.41114306 2.89980197 -0.00050318 78.31200884 78.38130461
1494415712.000000 113.89740323 22.95131216 23.46534538 2.69780803 1.36380935 2.91236758 -0.03340254 81.09018797 81.15962436
1494415713.000000 113.89743134 22.95130985 23.42349434 2.72082853 1.32152927 2.91585660 -0.03586888 83.98491228 84.05465119
1494415714.000000 113.89746089 22.95130785 23.38168526 2.72519660 1.28342652 0.00000000 -0.03739033 87.02409347 87.09411994
1494415718.000000 113.89756903 22.95127002 23.25580025 7.53096485 3.22378922 1.91393971 -0.85451460 98.87868869 98.94938354
1494415719.000000 113.89758321 22.95125895 23.23911858 5.04888439 3.21823597 1.75838423 -0.86645138 100.78135869 100.85212666
1494415720.000000 113.89759545 22.95124667 23.20302200 3.80599904 3.10006070 1.60621417 -0.89016104 102.63229982 102.70341973
1494415721.000000 113.89760452 22.95123261 23.15620041 3.25066638 2.86625409 1.60995817 -0.91129041 104.44575916 104.51748341
1494415722.000000 113.89761224 22.95122081 23.10932922 2.95127416 2.60442281 1.58692062 -0.92474169 105.97368237 106.04612537
1494415723.000000 113.89761956 22.95121069 23.06241989 2.77443409 2.37687564 1.55544710 -0.93082833 107.32211559 107.39537429
1494415724.000000 113.89762665 22.95120086 23.01549911 2.69134927 2.18948722 0.00000000 -0.93517178 108.63152219 108.70562129
1494415840.000000 113.89761762 22.95126656 22.28936005 14.60370731 4.77823019 1.59879076 1.41942978 115.96523418 116.07519451
1494415842.000000 113.89762463 22.95129029 22.87754059 4.11806965 3.30700922 1.98179722 1.45607674 118.69009521 118.86281428
1494415843.000000 113.89762694 22.95130721 23.22600365 3.42476273 2.86917114 2.13313818 1.42189658 120.57880647 120.78340188
1494415844.000000 113.89762852 22.95132700 23.60975456 3.50325918 2.59767938 2.29520631 1.48147368 122.77633981 123.01419043
1494415845.000000 113.89763002 22.95134826 23.99787712 3.37753010 2.41101980 2.39732337 1.50741875 125.13582574 125.40538531
1494415846.000000 113.89763185 22.95137160 24.45585251 1.72546029 2.24389434 2.59000278 1.48004639 127.72723554 128.03695257
1494415847.000000 113.89763786 22.95139879 24.93492508 1.69628453 2.08885908 2.68295407 1.47574568 130.80157045 131.14839044
1494415848.000000 113.89763423 22.95143020 25.40991402 1.68198478 1.95923793 2.75820589 1.50225127 134.30006051 134.67897781
1494415849.000000 113.89763603 22.95146276 25.91927719 2.27976060 1.85634613 2.74777699 1.49009085 137.91029940 138.32497229
1494415850.000000 113.89764233 22.95149295 26.43170166 1.64051640 1.76540780 2.68800211 1.45332074 141.31495426 141.76797295
1494415851.000000 113.89764546 22.95151091 26.94514847 2.26649880 1.67361522 2.55394292 1.43329215 143.33035001 143.84774401
1494415852.000000 113.89765002 22.95152736 27.42490959 2.63807058 1.59588647 2.45232582 1.41517103 145.21141502 145.78902613
1494415853.000000 113.89765645 22.95154271 27.91375351 2.79812789 1.53330266 2.32246375 1.37232411 147.03402153 147.67605101
1494415854.000000 113.89766307 22.95155997 28.39134789 2.85284877 1.47722995 2.32182789 1.37187934 149.06247022 149.75996571
1494415855.000000 113.89766831 22.95157967 28.86887741 3.36016297 1.42671132 0.00000000 1.37169921 151.31000403 152.05766949
1494415864.000000 113.89791355 22.95161271 33.00792694 8.07907200 3.30941701 4.92410040 -0.18324600 176.72606448 177.80855025
1494415865.000000 113.89795979 22.95160516 33.34667206 8.87107182 3.28788805 5.62084055 -0.27309689 181.54142074 182.63580663
1494415866.000000 113.89801163 22.95159260 33.79947662 7.43850708 3.19111896 5.20073271 -0.22638689 187.03728305 188.15029069
1494415867.000000 113.89805982 22.95158320 34.24168015 6.36106777 2.93322754 4.76465130 -0.17449707 192.08781103 193.22014048
1494415868.000000 113.89810585 22.95157597 34.65588760 3.76185060 2.66392016 4.49270535 -0.12512825 196.87573982 198.02595258
1494415869.000000 113.89815200 22.95156811 35.08269119 3.28562617 2.41952085 4.47433567 -0.12256234 201.68796871 202.85707131
1494415870.000000 113.89819004 22.95156791 35.50934982 3.08471632 2.22485328 4.38001633 -0.10578837 205.58929392 206.78165740
1494415871.000000 113.89822635 22.95156918 35.93593597 2.71958303 2.06718230 4.29609680 -0.09012041 209.31595152 210.53265094
1494415872.000000 113.89826361 22.95157036 36.36253357 0.51271653 1.63454473 0.00000000 -0.07895089 213.13966401 214.38008681
1494415993.000000 113.89832320 22.95154594 33.36802292 7.66289568 3.37397718 2.28599548 1.25350249 219.82304381 221.70365558
1494415994.000000 113.89833166 22.95156495 33.28534698 6.00720119 3.33916259 2.28916097 1.39511657 222.10018481 223.98229694
1494415995.000000 113.89833602 22.95158512 33.19839096 4.62501335 3.25731301 2.28696251 1.49591923 224.37797632 226.26174765
1494415996.000000 113.89833484 22.95160673 33.13401413 4.60480785 3.00848985 2.34479165 1.57485092 226.77451833 228.65915416
1494415997.000000 113.89833044 22.95162943 33.10161209 4.29603767 2.75486898 2.43213320 1.64996612 229.32875359 231.21359493
1494415998.000000 113.89832345 22.95165349 33.07164764 4.00870132 2.52466202 2.54914308 1.71393955 232.08788799 233.97289203
1494415999.000000 113.89831543 22.95167905 33.03548050 3.79052877 2.33089757 2.67183352 1.74895453 235.03493442 236.92016038
1494416000.000000 113.89830747 22.95171056 32.99069214 3.98782396 2.16989827 2.93573737 1.75049281 238.61853263 240.50403847
1494416001.000000 113.89829983 22.95173914 32.93702316 4.04801702 2.02744889 2.99203777 1.73649883 241.87977197 243.76571939
1494416002.000000 113.89829222 22.95176846 32.90544891 4.04093599 1.90992296 3.05476999 1.70468330 245.21863595 247.10473265
1494416003.000000 113.89828694 22.95179865 32.87885284 3.95246744 1.81078410 3.10074663 1.68794084 248.60542507 250.49162620
1494416004.000000 113.89828332 22.95182931 32.87063217 1.79624081 1.71479952 3.15393710 1.69553256 252.02115009 253.90736111
1494416005.000000 113.89828729 22.95185857 32.87821960 1.76924825 1.62448049 3.16020370 1.67502022 255.28725822 257.17347806
1494416006.000000 113.89829427 22.95188923 32.84513474 1.76795208 1.54991627 3.18944311 1.65723765 258.75710941 260.64348697
1494416007.000000 113.89829212 22.95191815 32.77668762 1.76525271 1.48661411 3.22818708 1.68458796 261.96802745 263.85513447
1494416008.000000 113.89827952 22.95194764 32.66470718 1.81119537 1.43174982 3.32995200 1.79060197 265.47954745 267.36843952
1494416009.000000 113.89826747 22.95197647 32.37120819 1.81234205 1.38344538 3.38659024 1.86799109 268.90272249 270.80417364
1494416010.000000 113.89824182 22.95200647 32.18121338 2.50277805 1.34039390 3.42749572 1.97818553 273.14072152 275.04642939
1494416011.000000 113.89821246 22.95203163 32.05242538 3.00342536 1.30165136 3.32212234 2.13176656 277.24359946 279.15132814
1494416012.000000 113.89818275 22.95205671 31.93888283 2.68395138 1.26651454 3.27237725 2.23404336 281.36611583 283.27540781
1494416013.000000 113.89815238 22.95207423 31.84987831 2.59139752 1.22402465 3.24434733 2.31329489 285.03601423 286.94638535
1494416014.000000 113.89812037 22.95208438 31.76130676 2.56348848 1.18710542 3.19168854 2.39500284 288.50552046 290.41702194
1494416015.000000 113.89808852 22.95209035 31.67297173 1.60030711 1.15456891 3.13709521 2.46654272 291.83916180 293.75183343
1494416016.000000 113.89806013 22.95209104 31.58473206 0.83085644 1.05385697 0.00000000 2.52407289 294.75141781 296.66542594
1494416018.000000 113.89813853 22.95211270 34.20766830 7.55538654 3.26653028 1.49744689 2.63743806 303.14236384 305.45677225
1494416019.000000 113.89812705 22.95211983 34.35343170 5.88351011 3.25326014 1.55402112 2.77568436 304.55926352 306.88114989
1494416020.000000 113.89811100 22.95212705 34.50167465 4.13705921 3.20180559 1.93257260 2.69657660 306.38953102 308.71741106
1494416021.000000 113.89809257 22.95213456 34.71058655 4.38360167 2.89767313 2.10727572 2.69410419 308.45496106 310.79337961
1494416022.000000 113.89807202 22.95214242 34.95861816 4.19893599 2.75905633 2.22593069 2.69457436 310.73557347 313.08743991
1494416023.000000 113.89805005 22.95215103 35.22770309 3.95888829 2.56959891 2.30467892 2.71042752 313.18194787 315.54856860
1494416024.000000 113.89802644 22.95216213 35.49319839 3.21359015 2.38848042 2.40002894 2.70888877 315.89693519 318.27650626
1494416025.000000 113.89800187 22.95217348 35.74181747 2.97520947 2.13394332 2.52605176 2.68904543 318.71322344 321.10374713
1494416026.000000 113.89797636 22.95218506 35.96197510 2.73040795 1.96042132 2.68312216 2.68067122 321.62725417 324.02608259
1494416027.000000 113.89795004 22.95219536 35.99509811 2.64823031 1.81565845 2.73272610 2.71074557 324.55739111 326.95640673
1494416028.000000 113.89792312 22.95220598 35.93931961 2.70481491 1.70514226 2.71925998 2.74580503 327.55839984 329.95793379
1494416029.000000 113.89789614 22.95221672 35.82528687 2.71774173 1.86131859 2.66929722 2.76927948 330.57052694 332.97221863
1494416030.000000 113.89786927 22.95222356 35.69379807 2.82257318 1.99771178 2.61118340 2.80937767 333.42771135 335.83242702
1494416031.000000 113.89784714 22.95222418 35.51313019 2.93253517 1.79611385 2.41439867 2.87303472 335.69924891 338.11113801
1494416032.000000 113.89782684 22.95222487 35.40774918 2.63523316 1.64807749 2.25364828 2.93752241 337.78274942 340.19730184
1494416033.000000 113.89780969 22.95222417 35.44027328 2.55684829 1.52673995 2.14545059 2.97891736 339.54305733 341.95791019
1494416034.000000 113.89779303 22.95222254 35.47281265 2.53605986 1.43664861 2.05524802 3.01947427 341.26068304 343.67584410
1494416035.000000 113.89777835 22.95222025 35.50551605 1.59757876 1.36616015 1.97116971 3.05655646 342.78827129 345.20378237
1494416036.000000 113.89776652 22.95221198 35.53860092 0.59097409 1.21037507 0.00000000 3.11031866 344.30814760 346.72401873
1494416155.000000 113.89772766 22.95218936 42.30287552 7.76271105 3.33091044 2.89885020 3.09859776 349.01562912 354.96512261
1494416156.000000 113.89770087 22.95219133 42.12843323 6.04579496 3.30506468 3.05013275 3.10510731 351.77214759 357.72715523
1494416157.000000 113.89767139 22.95219336 41.88376617 4.67602444 3.24984550 3.15794969 3.10338831 354.80343268 360.76829831
1494416158.000000 113.89764040 22.95219510 41.56334305 3.96384096 3.00384212 3.19873643 3.02291322 357.98768863 363.96863532
1494416159.000000 113.89760817 22.95219689 41.24998856 3.55262995 2.73470211 3.21861339 3.02503705 361.29874382 367.29448521
1494416160.000000 113.89757549 22.95220059 40.93657684 3.47240138 2.50006104 3.23940349 3.02035975 364.67568142 370.68593541
1494416161.000000 113.89754315 22.95220562 40.62314224 3.34678864 2.28417301 3.25309920 3.01265073 368.03933744 374.06416321
1494416162.000000 113.89751159 22.95221240 40.30967331 2.39217782 1.75970304 0.00000000 3.00255322 371.36184641 377.40142685
1494416164.000000 113.89742887 22.95228726 38.89427567 7.65125370 3.28795838 3.82223010 2.53038669 383.22356979 389.34729778
1494416165.000000 113.89739752 22.95230717 38.57695770 5.76572371 3.30342174 3.60254359 2.56625152 387.12183495 393.25845642
1494416166.000000 113.89736784 22.95232556 38.06462097 4.42431641 3.17438936 3.46351862 2.61409760 390.78384014 396.95612744
1494416167.000000 113.89733896 22.95234251 37.47743988 3.75655103 2.90813041 3.45465136 2.61393738 394.29078688 400.51189136
1494416168.000000 113.89731036 22.95235693 36.89009857 3.46376824 2.63849711 3.43257880 2.61990070 397.63095616 403.90330708
1494416169.000000 113.89728228 22.95236997 36.30259323 3.24292493 2.45788431 3.40661097 2.62702918 400.85263407 407.17811564
1494416170.000000 113.89725366 22.95238291 35.71508026 2.20237780 1.85287392 0.00000000 2.63284016 404.11865249 410.49655621
1494416172.000000 113.89722742 22.95239289 36.15338135 7.54928780 3.05470514 3.42270803 3.12017775 407.02787615 413.43861164
1494416173.000000 113.89719415 22.95239293 35.33348083 5.18496466 3.05484867 3.65108466 3.15982580 410.43985126 416.94771565
1494416174.000000 113.89715692 22.95239186 34.54528046 2.06666327 2.88380289 3.95243907 3.24052477 414.26018189 420.84850864
1494416175.000000 113.89712511 22.95239561 33.79981613 1.81085837 2.59332824 3.96999073 3.26298761 417.54856675 424.22033189
1494416176.000000 113.89709383 22.95239551 33.04543686 1.68702972 2.34283185 3.92925382 3.27666235 420.75742595 427.51667312
1494416177.000000 113.89705019 22.95238972 32.28496552 1.64443386 2.11760235 3.94237614 3.29154086 425.27817719 432.10094061
1494416178.000000 113.89699885 22.95237142 31.67122269 1.61725271 1.94140708 4.04236746 3.33722091 430.92006729 437.77611498
1494416179.000000 113.89695565 22.95235656 30.95874977 1.60136795 1.80038941 4.03731728 3.37233949 435.64713106 442.55656994
1494416180.000000 113.89691905 22.95234655 30.27485275 1.62054348 1.68495095 3.85671163 3.39673424 439.56061780 446.52936412
1494416181.000000 113.89689077 22.95234007 29.61858940 1.61434484 1.66007257 3.56674528 3.40684080 442.54817831 449.58815463
1494416182.000000 113.89686888 22.95232720 28.92410088 2.24955225 1.61954296 3.40074921 3.43608499 445.20717023 452.33634537
1494416183.000000 113.89684519 22.95231589 28.22936249 2.56191087 1.56262362 3.28251553 3.45377684 447.94058483 455.15666748
1494416184.000000 113.89682417 22.95230684 27.53467751 2.56292295 1.50727713 3.16855431 3.46327448 450.31889304 457.63435534
1494416185.000000 113.89680172 22.95229955 26.83997536 2.55439687 1.45501852 0.00000000 3.46449685 452.75846031 460.17090803
1494416303.000000 113.89679307 22.95212518 29.63166809 7.55538654 3.22378922 2.54625392 -1.56301522 472.08915320 479.70214547
1494416304.000000 113.89679334 22.95210390 29.50142670 6.12364388 3.21823597 2.74172020 -1.60287607 474.44612475 482.06271271
1494416305.000000 113.89679204 22.95207957 29.32176590 4.69766378 3.11924124 2.67065358 -1.91451216 477.14380158 484.76636549
1494416306.000000 113.89678670 22.95205536 29.24572945 3.98282409 2.85399127 2.62717056 -1.92160809 479.87927948 487.50289995
1494416307.000000 113.89677828 22.95203216 29.16721344 3.40285921 2.58415461 2.64502406 -1.93242335 482.58999664 490.21475398
1494416308.000000 113.89676512 22.95200993 29.08893394 14.61513329 6.40713644 2.66036439 -1.96601284 485.39805351 493.02390173
1494416316.000000 113.89653318 22.95188334 28.50000000 4.10230017 0.14039743 4.52836466 -1.08448136 513.00949779 520.64162608
1494416317.000000 113.89655005 22.95185168 28.44502068 2.90052271 0.27182853 4.89412260 -1.02829230 516.91971619 524.55223098
1494416318.000000 113.89658278 22.95180626 28.39011192 3.37824726 0.40167016 5.06086349 -0.99457049 522.96679120 530.59955527
1494416319.000000 113.89660806 22.95176559 28.33523369 1.87141335 0.52743942 0.00000000 -0.99234378 528.16373941 535.79679322
1494416329.000000 113.89693525 22.95144935 30.66001129 7.77318430 6.75486374 5.08439207 -1.91525388 576.66607013 584.35480673
1494416330.000000 113.89691710 22.95140430 31.30176926 6.79814863 5.37823439 4.78517294 -1.92764044 581.99153262 589.71879816
1494416331.000000 113.89690174 22.95136399 32.05770874 5.32591677 5.17296314 4.30997944 -1.91061044 586.72557993 594.51282031
1494416332.000000 113.89688711 22.95132635 32.84154129 4.75890017 5.16692638 4.04469061 -1.87481534 591.15536658 599.01142046
1494416333.000000 113.89687343 22.95129111 33.57999802 3.78540301 4.80867863 3.69966745 -1.84171951 595.30286993 603.22415145
1494416334.000000 113.89686175 22.95125865 34.29476166 3.41495848 4.42669916 3.32195354 -1.80368626 599.09130098 607.07942016
1494416335.000000 113.89685316 22.95122931 34.98414612 1.72360492 4.14310074 2.91649961 -1.77075326 602.45745354 610.51544024
1494416336.000000 113.89685618 22.95120855 35.62676620 1.77078474 3.90771317 2.48586392 -1.71152008 604.77738114 612.92272599
1494416337.000000 113.89686385 22.95119726 35.69373322 1.75473726 3.76889658 2.03132629 -1.63772392 606.25498423 614.40184581
1494416338.000000 113.89687499 22.95119480 36.23300934 1.74203098 3.62251711 1.69472790 -1.54858410 607.42913238 615.69391494
1494416339.000000 113.89688386 22.95119933 36.77219391 1.73384273 3.47870898 1.38127840 -1.46448898 608.46791450 616.86429448
1494416340.000000 113.89688980 22.95120317 37.31129456 1.61843526 3.34243774 1.15865302 -1.39601767 609.21064266 617.78204970
1494416341.000000 113.89689459 22.95120869 37.85032272 1.61492491 2.30985355 0.00000000 -1.33653188 609.99517613 618.73391320
