1494415619 0.000000 0.000000 0.00 0.00 0.00 0 0 0 0 0
1494415620 0.000000 0.000000 0.00 0.00 0.00 13 0 0 0 0
1494415621 113.896865 22.951330 24.30 1.29 0.00 13 37 0 0 0
1494415622 113.896861 22.951303 24.20 1.17 0.89 13 35 35 35 28
1494415623 113.896830 22.951298 24.30 1.17 0.89 13 35 34 29 29
1494415624 113.896940 22.951326 24.30 1.17 0.89 13 34 33 31 31
1494415625 113.896975 22.951330 24.30 1.05 0.89 13 38 36 33 32
1494415626 113.897005 22.951333 24.30 0.85 0.89 13 35 34 33 32
1494415627 113.897021 22.951341 24.20 0.84 0.90 14 35 34 33 32
1494415628 113.897035 22.951348 24.10 0.84 0.88 14 36 34 33 31
1494415629 113.897036 22.951351 24.00 0.79 0.88 14 36 34 33 30
1494415630 113.897058 22.951360 23.90 0.79 0.87 14 36 34 33 30
1494415631 113.897075 22.951360 23.90 0.98 0.87 14 34 32 30 29
1494415632 113.897086 22.951363 23.90 0.98 0.88 14 35 31 31 29
1494415633 113.897065 22.951360 24.00 0.98 0.87 14 35 32 31 30
1494415635 113.897071 22.951361 24.00 0.98 0.87 14 36 33 30 30
1494415636 113.897078 22.951361 24.00 0.98 0.88 14 36 33 31 30
1494415637 113.897076 22.951361 24.00 0.98 0.87 14 36 33 31 31
1494415638 113.897080 22.951361 24.00 0.78 0.88 14 36 33 31 30
1494415639 113.897085 22.951363 24.10 0.78 0.87 14 36 34 31 30
1494415640 113.897071 22.951355 24.10 0.71 0.87 14 36 33 32 31
1494415641 113.897045 22.951340 24.20 0.71 0.87 14 39 38 37 35
1494415642 113.897023 22.951328 24.20 0.71 0.87 14 39 38 38 37
1494415643 113.896995 22.951313 24.20 0.71 0.87 14 40 38 37 37
1494415644 113.896983 22.951308 24.20 0.71 0.87 14 40 38 36 35
1494415645 113.896983 22.951306 24.20 0.71 0.87 14 38 38 36 31
1494415646 113.896981 22.951308 24.20 0.71 0.87 14 38 36 36 32
1494415647 113.896981 22.951308 24.20 0.71 0.87 14 38 37 36 31
1494415648 113.896978 22.951306 24.20 0.98 0.87 14 38 37 36 31
1494415649 113.896976 22.951306 24.20 0.98 0.87 14 39 37 35 32
1494415650 113.896971 22.951300 24.20 0.98 0.87 14 40 37 34 33
1494415651 113.896966 22.951295 24.20 0.98 0.87 14 41 36 34 34
1494415652 113.896963 22.951290 24.20 0.98 0.87 14 41 36 35 34
1494415653 113.896960 22.951285 24.30 0.98 0.87 14 41 37 35 35
1494415654 113.896956 22.951281 24.30 0.98 0.87 14 41 37 35 35
1494415655 113.896951 22.951278 24.30 0.98 0.87 14 40 37 37 35
1494415656 113.896946 22.951273 24.30 1.29 0.87 14 40 37 37 35
1494415657 113.896940 22.951268 24.30 1.29 0.89 14 35 34 34 33
1494415658 113.896936 22.951266 24.30 1.29 0.89 14 35 34 33 33
1494415659 113.896935 22.951266 24.30 1.29 0.89 14 35 34 34 32
1494415660 113.896931 22.951266 24.30 1.05 0.89 14 35 34 34 31
1494415661 113.896928 22.951268 24.30 1.05 0.89 14 40 38 35 35
1494415662 113.896925 22.951266 24.40 1.05 0.89 14 40 38 35 35
1494415663 113.896921 22.951265 24.40 1.05 0.89 14 40 38 35 35
1494415664 113.896918 22.951263 24.40 1.11 0.89 14 40 38 35 35
1494415665 113.896921 22.951266 24.40 1.11 0.87 14 39 38 36 35
1494415666 113.896925 22.951270 24.40 1.11 0.87 14 39 38 36 35
1494415667 113.896931 22.951275 24.30 1.11 0.87 14 39 38 36 35
1494415668 113.896936 22.951278 24.30 1.11 0.87 14 39 38 36 35
1494415669 113.896945 22.951283 24.30 1.11 0.87 14 39 37 36 35
1494415670 113.896948 22.951285 24.20 1.11 0.87 14 39 37 36 35
1494415671 113.896953 22.951288 24.20 1.11 0.87 14 38 36 35 35
1494415672 113.896953 22.951286 24.10 1.11 0.87 14 38 36 35 35
1494415673 113.896953 22.951286 24.10 1.11 0.87 14 38 36 35 35
1494415674 113.896951 22.951286 24.10 1.11 0.87 14 38 36 35 35
1494415675 113.896951 22.951286 24.00 1.11 0.87 14 38 36 35 35
1494415676 113.896948 22.951285 23.90 1.11 0.87 14 38 36 35 35
1494415677 113.896945 22.951283 23.90 1.11 0.87 14 39 37 36 35
1494415678 113.896938 22.951281 23.80 1.11 0.87 14 39 38 38 35
1494415679 113.896935 22.951280 23.80 1.11 0.87 14 39 38 38 35
1494415680 113.896931 22.951278 23.90 0.98 0.87 14 39 38 38 35
1494415681 113.896928 22.951276 23.90 0.98 0.87 14 39 38 38 35
1494415682 113.896923 22.951271 23.90 0.98 0.87 14 39 38 38 35
1494415683 113.896918 22.951270 23.90 0.98 0.87 14 39 38 38 35
1494415684 113.896921 22.951271 23.90 0.98 0.87 14 39 38 38 35
1494415685 113.896920 22.951271 23.90 0.98 0.87 14 39 38 37 35
1494415686 113.896920 22.951271 23.90 0.98 0.87 14 39 38 37 35
1494415687 113.896918 22.951271 23.80 0.98 0.87 14 39 37 37 35
1494415688 113.896918 22.951271 23.80 0.98 0.87 14 39 37 37 35
1494415689 113.896920 22.951273 23.80 0.98 0.87 14 39 37 37 35
1494415690 113.896921 22.951273 23.80 0.98 0.87 14 39 37 37 35
1494415691 113.896921 22.951273 23.80 0.98 0.87 14 39 37 37 35
1494415692 113.896925 22.951275 23.80 1.11 0.87 14 39 37 37 35
1494415693 113.896928 22.951275 23.80 1.11 0.87 14 38 37 36 34
1494415694 113.896935 22.951275 23.90 1.11 0.87 14 37 37 36 33
1494415695 113.896940 22.951275 23.90 1.11 0.87 14 35 32 30 27
1494415696 113.896950 22.951275 23.90 1.98 0.87 14 34 32 30 27
1494415697 113.896960 22.951275 23.90 1.98 0.92 14 32 32 30 26
1494415698 113.896985 22.951276 23.90 1.98 0.92 14 32 31 30 26
1494415699 113.897018 22.951280 23.90 1.98 0.92 14 32 31 30 30
1494415700 113.897053 22.951290 23.90 1.98 0.92 14 33 31 30 29
1494415701 113.897090 22.951303 24.10 1.98 0.92 13 34 33 32 28
1494415702 113.897125 22.951313 24.10 1.98 0.92 13 34 33 33 28
1494415703 113.897161 22.951326 24.20 1.98 0.92 13 31 27 27 27
1494415704 113.897188 22.951326 24.10 2.01 0.92 13 30 27 27 27
1494415705 113.897206 22.951325 23.90 2.01 0.90 13 31 26 26 25
1494415706 113.897233 22.951320 23.90 2.01 0.90 13 47 26 25 25
1494415707 113.897261 22.951320 23.70 1.93 0.90 13 30 26 26 25
1494415708 113.897298 22.951321 23.60 1.93 0.90 13 31 28 26 25
1494415709 113.897320 22.951310 23.60 1.93 0.90 13 30 26 26 24
1494415710 113.897348 22.951310 23.50 0.96 0.90 13 31 25 25 24
1494415711 113.897380 22.951328 23.30 0.96 0.89 14 30 26 24 24
1494415712 113.897398 22.951311 23.30 0.96 0.89 14 37 27 26 26
1494415713 113.897425 22.951308 23.30 0.96 0.89 14 36 30 28 27
1494415714 113.897465 22.951305 23.30 0.96 0.89 14 36 30 28 28
1494415715 113.897505 22.951300 23.30 0.96 0.89 14 30 30 29 27
1494415716 113.897523 22.951273 23.40 0.99 0.89 14 30 30 30 27
1494415717 113.897541 22.951265 23.40 0.79 0.89 14 34 30 29 25
1494415718 113.897565 22.951265 23.30 0.79 0.87 14 39 35 28 27
1494415719 113.897585 22.951265 23.30 0.79 0.87 14 38 34 26 25
1494415720 113.897603 22.951253 23.00 0.78 0.87 14 38 34 25 25
1494415721 113.897608 22.951226 23.30 0.78 0.89 14 42 35 33 25
1494415722 113.897613 22.951216 23.20 0.78 0.89 14 52 38 35 33
1494415723 113.897620 22.951210 23.10 0.78 0.89 14 42 36 36 30
1494415724 113.897621 22.951205 22.90 0.80 0.89 14 42 36 35 30
1494415725 113.897620 22.951205 22.90 0.80 0.87 14 43 35 33 27
1494415726 113.897620 22.951205 22.80 0.80 0.87 14 43 34 33 27
1494415727 113.897620 22.951206 22.70 0.80 0.87 14 44 32 32 30
1494415728 113.897620 22.951205 22.60 0.87 0.87 14 44 32 31 30
1494415729 113.897620 22.951205 22.60 0.87 0.88 14 44 33 30 29
1494415730 113.897620 22.951206 22.60 0.87 0.88 14 44 33 30 29
1494415731 113.897620 22.951205 22.60 0.87 0.88 14 44 33 29 29
1494415732 113.897620 22.951206 22.60 0.81 0.88 14 44 33 30 29
1494415733 113.897620 22.951205 22.60 0.81 0.88 14 43 29 27 27
1494415734 113.897620 22.951205 22.60 0.81 0.88 14 43 29 28 27
1494415735 113.897620 22.951205 22.60 0.81 0.88 14 43 29 29 28
1494415736 113.897618 22.951206 22.60 0.77 0.88 14 43 29 29 28
1494415737 113.897615 22.951208 22.70 0.77 0.87 14 43 29 29 27
1494415738 113.897613 22.951208 22.70 0.77 0.87 14 43 29 29 27
1494415739 113.897613 22.951208 22.70 0.77 0.87 14 43 30 30 29
1494415740 113.897615 22.951210 22.70 0.79 0.87 14 43 30 30 29
1494415741 113.897618 22.951210 22.70 0.79 0.88 14 41 30 30 29
1494415742 113.897620 22.951210 22.70 0.79 0.88 14 40 30 30 28
1494415743 113.897621 22.951210 22.70 0.79 0.88 14 40 35 30 28
1494415744 113.897621 22.951210 22.60 0.81 0.88 14 40 35 31 28
1494415745 113.897621 22.951210 22.60 0.81 0.91 14 39 31 28 25
1494415746 113.897621 22.951208 22.60 0.81 0.91 14 38 31 28 25
1494415747 113.897621 22.951208 22.60 0.81 0.91 14 38 32 29 29
1494415748 113.897621 22.951210 22.60 0.77 0.91 14 38 33 30 29
1494415749 113.897621 22.951210 22.60 0.77 0.87 14 37 33 31 29
1494415750 113.897620 22.951208 22.60 0.77 0.87 14 37 33 32 29
1494415751 113.897618 22.951206 22.60 0.77 0.87 14 39 34 33 33
1494415752 113.897618 22.951208 22.60 0.76 0.87 14 40 34 34 33
1494415753 113.897618 22.951208 22.70 0.76 0.85 14 40 36 33 32
1494415754 113.897618 22.951210 22.70 0.76 0.85 14 40 37 32 32
1494415755 113.897620 22.951213 22.60 0.76 0.85 14 38 36 32 31
1494415756 113.897616 22.951211 22.60 0.83 0.85 14 37 35 32 31
1494415757 113.897616 22.951211 22.70 0.83 0.89 14 38 29 27 25
1494415758 113.897616 22.951211 22.70 0.83 0.89 14 39 29 28 25
1494415759 113.897616 22.951211 22.70 0.83 0.89 14 39 30 29 27
1494415760 113.897616 22.951210 22.70 0.73 0.89 14 39 30 29 26
1494415761 113.897616 22.951210 22.70 0.73 0.85 14 38 36 35 31
1494415762 113.897618 22.951210 22.70 0.73 0.85 14 37 36 35 31
1494415763 113.897623 22.951206 22.60 0.73 0.85 14 38 36 35 30
1494415764 113.897628 22.951205 22.60 0.77 0.85 14 39 37 34 30
1494415765 113.897631 22.951205 22.50 0.77 0.87 14 40 30 30 27
1494415766 113.897633 22.951203 22.40 0.77 0.87 14 41 30 30 27
1494415767 113.897633 22.951206 22.40 0.77 0.87 14 32 31 28 27
1494415768 113.897633 22.951206 22.40 0.79 0.87 14 32 32 28 28
1494415769 113.897633 22.951206 22.40 0.79 0.92 14 32 32 32 28
1494415770 113.897636 22.951206 22.40 0.79 0.92 14 32 32 32 28
1494415771 113.897636 22.951208 22.40 0.79 0.92 14 33 31 28 28
1494415772 113.897638 22.951208 22.40 0.79 0.92 14 34 30 28 28
1494415773 113.897638 22.951206 22.40 0.79 0.87 14 35 30 29 25
1494415774 113.897640 22.951205 22.40 0.79 0.87 14 36 30 30 25
1494415775 113.897638 22.951205 22.40 0.79 0.87 14 31 31 29 26
1494415776 113.897635 22.951203 22.40 0.90 0.87 14 32 31 29 26
1494415777 113.897633 22.951203 22.30 0.90 0.93 14 32 31 29 23
1494415778 113.897631 22.951201 22.30 0.90 0.93 14 32 31 29 22
1494415779 113.897631 22.951200 22.30 0.90 0.93 14 33 31 29 25
1494415780 113.897633 22.951196 22.40 0.78 0.93 14 33 32 28 25
1494415781 113.897631 22.951195 22.40 0.78 0.88 14 35 33 28 26
1494415782 113.897630 22.951198 22.40 0.78 0.88 14 36 34 28 27
1494415783 113.897626 22.951201 22.40 0.78 0.88 14 37 34 30 27
1494415784 113.897623 22.951201 22.50 0.76 0.88 14 38 34 30 26
1494415785 113.897623 22.951200 22.50 0.76 0.91 14 34 29 29 26
1494415786 113.897626 22.951198 22.60 0.76 0.91 14 39 35 33 26
1494415787 113.897628 22.951196 22.60 0.75 0.91 14 38 35 30 29
1494415788 113.897628 22.951195 22.60 0.75 0.86 14 38 35 32 27
1494415789 113.897630 22.951193 22.60 0.75 0.86 14 37 35 30 28
1494415790 113.897630 22.951195 22.60 0.75 0.86 14 36 35 30 28
1494415791 113.897628 22.951193 22.50 0.75 0.86 14 36 35 35 29
1494415792 113.897623 22.951195 22.30 0.74 0.86 14 36 35 35 29
1494415793 113.897620 22.951196 22.20 0.74 0.86 14 36 35 29 28
1494415794 113.897616 22.951200 22.10 0.74 0.86 14 36 34 30 29
1494415795 113.897618 22.951201 21.90 0.74 0.86 14 36 36 28 27
1494415796 113.897620 22.951200 21.80 0.86 0.86 14 37 36 27 27
1494415797 113.897616 22.951200 21.90 0.86 0.89 14 38 37 27 25
1494415798 113.897621 22.951200 21.80 0.86 0.89 14 39 37 27 25
1494415799 113.897621 22.951201 21.70 0.86 0.89 14 39 37 33 28
1494415800 113.897620 22.951203 21.70 0.79 0.89 14 39 37 33 28
1494415801 113.897618 22.951205 21.70 0.79 0.92 14 38 37 28 25
1494415802 113.897613 22.951203 21.70 0.79 0.92 14 38 37 29 25
1494415803 113.897611 22.951201 21.60 0.79 0.92 14 37 33 32 30
1494415804 113.897611 22.951201 21.60 0.99 0.92 14 37 33 32 31
1494415805 113.897610 22.951203 21.70 0.99 0.95 14 37 31 29 26
1494415806 113.897606 22.951203 21.70 0.99 0.95 14 37 31 30 26
1494415807 113.897603 22.951205 21.70 0.99 0.95 14 39 38 28 28
1494415808 113.897603 22.951203 21.70 0.75 0.95 14 39 39 28 28
1494415809 113.897601 22.951203 21.70 0.75 0.86 14 38 38 33 25
1494415810 113.897600 22.951200 21.70 0.75 0.86 14 38 37 33 25
1494415811 113.897598 22.951198 21.70 0.75 0.86 14 37 35 34 30
1494415812 113.897598 22.951200 21.70 0.84 0.86 14 36 34 34 30
1494415813 113.897596 22.951203 21.70 0.84 0.92 14 36 34 29 28
1494415814 113.897596 22.951205 21.70 0.84 0.92 14 36 34 29 28
1494415815 113.897596 22.951205 21.70 0.84 0.92 14 36 33 30 29
1494415816 113.897600 22.951206 21.70 0.76 0.92 14 36 32 30 29
1494415817 113.897598 22.951210 21.70 0.74 0.91 14 39 37 32 27
1494415818 113.897598 22.951206 21.70 0.74 0.86 14 38 37 36 30
1494415818 113.897598 22.951208 21.80 0.77 0.86 14 38 37 33 27
1494415820 113.897600 22.951208 21.90 0.74 0.87 14 38 37 35 32
1494415821 113.897598 22.951210 22.00 0.74 0.86 14 36 34 29 28
1494415822 113.897598 22.951210 22.00 0.81 0.86 14 37 37 34 30
1494415823 113.897600 22.951208 22.00 0.75 0.92 14 39 37 32 27
1494415824 113.897600 22.951208 21.80 0.75 0.86 14 40 38 32 27
1494415825 113.897601 22.951210 21.80 0.75 0.86 14 41 39 31 26
1494415826 113.897605 22.951211 21.90 0.75 0.86 14 41 40 31 26
1494415827 113.897605 22.951210 21.80 0.75 0.86 14 41 40 31 26
1494415828 113.897606 22.951210 21.70 0.83 0.86 14 41 40 31 26
1494415829 113.897605 22.951210 21.60 0.83 0.87 14 41 40 31 26
1494415830 113.897603 22.951208 21.60 0.83 0.87 14 41 40 31 26
1494415831 113.897601 22.951206 21.60 0.83 0.87 14 41 39 30 28
1494415832 113.897601 22.951208 21.60 1.09 0.87 14 41 38 29 28
1494415833 113.897601 22.951206 21.70 1.09 0.94 14 41 38 29 29
1494415834 113.897601 22.951206 21.70 1.09 0.94 14 41 38 29 29
1494415835 113.897603 22.951206 21.70 1.09 0.94 14 41 38 29 28
1494415836 113.897603 22.951208 21.80 1.00 0.94 14 41 38 29 27
1494415837 113.897603 22.951208 21.80 1.00 0.95 14 41 38 28 27
1494415838 113.897603 22.951210 21.70 1.00 0.95 14 41 38 28 27
1494415839 113.897606 22.951223 21.90 1.00 0.95 14 40 36 28 27
1494415840 113.897611 22.951241 22.10 0.88 0.95 14 40 35 29 27
1494415840 113.897616 22.951270 22.30 0.81 0.90 14 39 36 35 31
1494415842 113.897625 22.951285 22.70 0.81 0.88 14 38 29 26 24
1494415843 113.897633 22.951300 23.10 0.81 0.88 14 37 34 33 29
1494415844 113.897626 22.951325 23.50 1.06 0.88 14 36 34 33 29
1494415845 113.897626 22.951341 23.90 1.06 0.90 14 36 32 32 30
1494415846 113.897631 22.951371 24.40 1.05 0.90 14 36 32 31 30
1494415847 113.897640 22.951398 24.80 1.06 0.89 14 35 32 29 27
1494415848 113.897633 22.951430 25.30 1.07 0.89 14 29 28 26 25
1494415849 113.897620 22.951470 25.60 1.07 0.90 14 30 28 26 26
1494415850 113.897643 22.951495 26.50 0.96 0.90 14 31 28 27 26
1494415851 113.897640 22.951515 27.00 0.96 0.88 14 28 28 27 27
1494415852 113.897641 22.951531 27.40 1.06 0.88 14 38 27 27 25
1494415853 113.897656 22.951531 28.10 1.06 0.89 14 38 28 25 24
1494415854 113.897671 22.951546 28.60 1.06 0.89 14 38 29 25 24
1494415855 113.897685 22.951561 29.10 2.17 0.89 14 30 28 24 23
1494415856 113.897710 22.951568 29.50 3.74 2.27 14 28 27 23 22
1494415857 113.897735 22.951571 29.90 3.74 0.99 14 29 28 25 21
1494415858 113.897776 22.951581 30.30 3.73 0.99 14 28 27 22 22
1494415859 113.897788 22.951576 30.70 1.99 0.99 14 29 28 23 21
1494415860 113.897810 22.951563 31.10 2.17 0.91 14 28 27 23 21
1494415861 113.897836 22.951568 31.60 1.99 2.23 13 30 26 19 18
1494415862 113.897855 22.951561 32.10 1.99 0.91 13 30 26 19 18
1494415863 113.897881 22.951590 32.60 1.99 0.91 13 29 25 19 18
1494415864 113.897913 22.951616 32.90 1.99 0.91 13 27 26 20 20
1494415865 113.897960 22.951595 33.30 1.85 0.91 13 27 27 26 20
1494415866 113.898016 22.951591 33.70 1.85 0.91 13 39 34 26 21
1494415867 113.898053 22.951586 34.10 1.85 0.91 13 39 34 27 22
1494415868 113.898101 22.951583 34.60 0.95 0.91 13 39 34 27 23
1494415869 113.898186 22.951536 35.50 0.95 0.90 13 38 34 27 26
1494415870 113.898196 22.951563 35.70 0.95 0.90 13 38 34 27 25
1494415871 113.898223 22.951570 35.90 0.77 0.90 13 38 37 25 24
1494415872 113.898263 22.951571 36.20 0.87 0.89 14 40 38 25 25
1494415872 113.898278 22.951568 36.30 0.73 0.89 14 39 38 33 26
1494415874 113.898281 22.951560 36.10 0.73 0.88 14 39 36 28 26
1494415875 113.898268 22.951553 35.90 0.86 0.88 14 40 33 30 29
1494415876 113.898268 22.951550 35.90 0.77 0.95 14 40 31 30 30
1494415877 113.898270 22.951548 35.90 0.73 0.90 14 40 31 30 30
1494415878 113.898270 22.951546 35.80 0.73 0.88 14 41 31 31 30
1494415879 113.898271 22.951543 35.80 0.71 0.88 14 41 39 29 27
1494415880 113.898273 22.951541 35.80 0.71 0.85 14 41 40 29 26
1494415881 113.898270 22.951541 35.90 0.71 0.85 14 41 40 30 27
1494415882 113.898266 22.951540 35.70 0.75 0.85 14 41 41 31 24
1494415883 113.898266 22.951540 35.50 0.77 0.86 14 41 41 31 27
1494415884 113.898266 22.951536 35.50 0.96 0.89 14 41 40 30 25
1494415885 113.898266 22.951531 35.50 0.96 0.97 14 41 40 30 24
1494415886 113.898271 22.951530 35.40 0.96 0.97 14 41 40 30 25
1494415887 113.898281 22.951523 35.20 0.96 0.97 14 41 40 29 25
1494415888 113.898280 22.951516 35.00 0.97 0.97 14 41 40 29 25
1494415889 113.898280 22.951511 35.00 0.97 0.91 14 41 40 29 25
1494415890 113.898283 22.951510 35.00 0.97 0.91 14 41 40 29 25
1494415891 113.898290 22.951508 34.90 0.97 0.91 14 41 40 29 25
1494415892 113.898295 22.951511 34.80 1.06 0.91 14 41 40 29 25
1494415893 113.898311 22.951523 35.00 1.06 0.95 13 41 40 29 25
1494415894 113.898316 22.951526 35.30 1.06 0.95 13 41 40 29 25
1494415895 113.898323 22.951530 35.60 1.06 0.95 13 41 40 29 26
1494415896 113.898321 22.951528 35.90 0.93 0.95 13 41 40 29 26
1494415897 113.898318 22.951526 36.20 0.93 0.94 13 41 40 29 24
1494415898 113.898323 22.951531 36.30 0.93 0.94 13 41 40 29 24
1494415899 113.898321 22.951530 36.60 0.93 0.94 13 41 40 30 25
1494415900 113.898323 22.951531 36.60 1.13 0.94 13 41 40 30 25
1494415901 113.898321 22.951531 36.80 0.87 0.98 13 41 40 30 24
1494415902 113.898325 22.951533 36.80 0.82 0.97 13 41 40 30 24
1494415903 113.898326 22.951535 36.90 0.82 0.97 13 41 40 30 22
1494415904 113.898330 22.951538 36.90 0.88 0.97 13 40 40 30 22
1494415905 113.898331 22.951541 37.00 0.88 0.98 14 40 40 31 21
1494415906 113.898330 22.951541 37.00 0.84 0.98 14 40 40 31 21
1494415907 113.898326 22.951540 37.00 0.79 0.92 14 40 40 31 22
1494415908 113.898320 22.951536 37.00 0.76 0.88 14 40 40 31 22
1494415909 113.898311 22.951531 36.90 0.76 0.88 14 40 40 31 21
1494415910 113.898311 22.951533 36.90 0.73 0.88 14 40 40 31 21
1494415911 113.898311 22.951530 36.70 0.71 0.87 14 38 38 31 30
1494415912 113.898310 22.951530 36.60 0.71 0.85 14 39 30 29 28
1494415913 113.898306 22.951530 36.50 0.71 0.85 14 38 38 29 29
1494415914 113.898303 22.951526 36.30 0.71 0.85 14 38 36 28 27
1494415915 113.898301 22.951528 36.30 0.71 0.85 14 38 35 28 26
1494415916 113.898298 22.951523 36.20 1.30 0.85 14 38 34 28 25
1494415917 113.898291 22.951511 35.70 1.30 0.99 14 38 32 27 21
1494415918 113.898291 22.951510 35.20 1.30 0.99 14 38 31 26 21
1494415919 113.898293 22.951511 34.70 1.30 0.99 14 38 30 26 22
1494415920 113.898296 22.951515 34.80 1.10 0.99 14 38 29 26 22
1494415921 113.898303 22.951526 34.50 1.10 0.98 13 39 30 26 22
1494415922 113.898323 22.951538 34.10 1.10 0.98 13 39 30 26 22
1494415923 113.898348 22.951553 33.70 1.10 0.98 13 39 30 26 22
1494415924 113.898321 22.951548 33.40 1.09 0.98 13 39 30 26 22
1494415925 113.898265 22.951518 33.30 1.09 0.99 13 39 30 30 27
1494415926 113.898266 22.951521 33.10 1.09 0.99 13 39 33 30 28
1494415927 113.898268 22.951523 33.10 1.09 0.99 13 39 31 27 25
1494415928 113.898276 22.951526 33.10 1.16 0.99 13 39 32 26 25
1494415929 113.898286 22.951530 33.10 1.16 0.99 13 39 32 26 25
1494415930 113.898295 22.951531 33.10 1.16 0.99 13 39 32 26 25
1494415931 113.898290 22.951533 33.00 0.90 0.99 13 39 32 26 24
1494415932 113.898301 22.951541 33.00 0.81 0.93 13 39 32 26 23
1494415933 113.898298 22.951545 33.00 0.81 0.92 13 39 33 26 22
1494415934 113.898295 22.951545 32.90 0.93 0.92 13 39 33 25 22
1494415935 113.898288 22.951536 33.00 0.93 0.95 14 39 33 29 25
1494415936 113.898283 22.951533 32.90 0.93 0.95 14 39 33 30 25
1494415937 113.898278 22.951530 32.80 0.93 0.95 14 39 33 28 25
1494415938 113.898273 22.951536 32.70 0.93 0.95 14 39 33 28 25
1494415939 113.898268 22.951536 32.60 0.92 0.95 14 39 34 29 23
1494415940 113.898271 22.951535 32.60 1.73 0.89 14 40 34 33 26
1494415941 113.898275 22.951536 32.60 1.73 0.93 13 39 34 33 22
1494415942 113.898278 22.951533 32.50 0.77 0.93 13 39 36 32 24
1494415943 113.898280 22.951531 32.50 0.77 0.89 14 41 38 26 23
1494415944 113.898280 22.951530 32.50 0.99 0.89 14 42 39 30 24
1494415945 113.898278 22.951525 32.40 0.99 0.95 14 42 39 24 22
1494415946 113.898280 22.951525 32.40 0.99 0.95 14 42 39 24 22
1494415947 113.898283 22.951518 32.30 0.99 0.95 14 41 39 24 23
1494415948 113.898286 22.951510 32.00 0.85 0.95 14 41 39 24 24
1494415949 113.898285 22.951508 32.00 0.85 0.94 14 41 39 25 24
1494415950 113.898285 22.951506 32.00 0.85 0.94 14 41 39 25 24
1494415951 113.898288 22.951506 31.90 0.85 0.94 14 41 39 26 24
1494415952 113.898306 22.951510 32.10 1.29 0.94 14 41 39 26 24
1494415953 113.898291 22.951506 32.00 1.29 0.98 14 41 39 27 24
1494415954 113.898296 22.951510 31.90 1.29 0.98 14 41 39 27 24
1494415955 113.898301 22.951516 32.10 0.85 0.98 14 41 39 25 22
1494415956 113.898315 22.951523 32.40 0.85 0.89 13 41 39 25 23
1494415957 113.898336 22.951533 32.60 0.85 0.89 13 41 39 25 23
1494415958 113.898363 22.951545 32.80 0.85 0.89 13 41 39 25 23
1494415959 113.898370 22.951548 33.10 0.85 0.89 13 41 39 24 20
1494415960 113.898380 22.951553 33.00 1.19 0.89 13 41 39 24 20
1494415961 113.898381 22.951555 33.00 1.75 0.95 13 41 39 24 21
1494415962 113.898388 22.951560 33.10 1.75 0.93 13 41 40 21 20
1494415963 113.898385 22.951560 33.30 0.91 0.93 13 41 41 22 20
1494415964 113.898393 22.951566 33.50 0.81 0.89 14 42 41 22 21
1494415965 113.898398 22.951568 33.80 0.79 0.89 14 42 41 24 21
1494415966 113.898385 22.951555 34.00 0.79 0.89 14 42 41 24 22
1494415967 113.898365 22.951535 33.90 0.79 0.89 14 41 41 23 22
1494415968 113.898361 22.951526 34.10 0.79 0.89 14 41 41 24 23
1494415969 113.898361 22.951521 34.20 0.79 0.89 14 41 41 24 23
1494415970 113.898356 22.951521 34.20 0.81 0.89 14 41 41 24 23
1494415971 113.898351 22.951516 34.10 0.81 0.92 14 41 41 25 24
1494415972 113.898351 22.951515 33.90 0.81 0.92 14 41 41 26 23
1494415973 113.898351 22.951515 33.90 0.77 0.94 14 39 32 31 26
1494415974 113.898348 22.951515 33.90 0.77 0.89 14 33 31 29 25
1494415975 113.898345 22.951515 34.00 0.77 0.89 14 34 31 31 24
1494415976 113.898338 22.951513 33.90 0.98 0.89 14 35 32 31 24
1494415977 113.898320 22.951516 33.80 0.98 0.95 13 41 36 29 25
1494415978 113.898313 22.951511 33.60 0.98 0.95 13 41 37 28 25
1494415979 113.898315 22.951515 33.60 0.95 0.95 13 41 38 24 21
1494415980 113.898323 22.951523 33.50 0.95 0.95 13 42 39 27 24
1494415981 113.898320 22.951528 33.40 0.95 0.95 13 41 39 32 29
1494415982 113.898325 22.951535 33.40 0.95 0.95 13 40 39 32 29
1494415983 113.898326 22.951540 33.30 0.95 0.95 13 38 33 32 23
1494415984 113.898323 22.951545 33.30 0.85 0.95 13 37 33 32 23
1494415985 113.898318 22.951548 33.20 0.85 0.89 14 36 33 33 30
1494415986 113.898323 22.951548 33.20 0.85 0.89 14 35 34 33 30
1494415987 113.898325 22.951548 33.30 0.85 0.89 14 36 34 31 30
1494415988 113.898321 22.951545 33.40 0.93 0.89 14 36 34 30 30
1494415989 113.898320 22.951541 33.40 0.93 0.95 14 36 32 29 28
1494415990 113.898320 22.951541 33.40 0.93 0.95 14 36 31 29 27
1494415991 113.898323 22.951541 33.40 0.93 0.95 14 38 35 32 24
1494415992 113.898318 22.951541 33.40 1.01 0.95 14 39 35 33 24
1494415993 113.898318 22.951548 33.40 1.01 0.94 14 33 32 32 31
1494415994 113.898333 22.951563 33.30 1.01 0.94 14 32 32 31 31
1494415995 113.898353 22.951581 33.20 1.01 0.94 14 40 31 30 26
1494415996 113.898346 22.951605 33.10 1.37 0.94 14 40 31 29 26
1494415997 113.898338 22.951628 33.00 1.37 0.95 14 32 31 28 20
1494415998 113.898330 22.951651 32.90 1.37 0.95 14 33 31 27 20
1494415999 113.898320 22.951671 32.90 1.37 0.95 14 34 31 26 24
1494416000 113.898303 22.951701 33.00 1.82 0.95 14 34 31 25 24
1494416001 113.898290 22.951730 33.10 1.82 0.94 13 33 32 26 26
1494416002 113.898276 22.951763 33.00 1.82 0.94 13 32 32 26 26
1494416003 113.898276 22.951795 32.90 1.74 0.94 13 34 32 26 25
1494416004 113.898280 22.951830 32.80 1.47 0.92 13 33 31 26 26
1494416005 113.898286 22.951858 32.70 1.47 0.90 13 40 32 30 28
1494416006 113.898298 22.951890 32.80 1.47 0.90 13 40 33 30 29
1494416007 113.898296 22.951918 32.80 1.47 0.90 13 40 34 28 27
1494416008 113.898278 22.951948 32.90 1.65 0.90 13 40 35 28 26
1494416009 113.898273 22.951975 33.00 1.65 0.90 13 34 33 27 27
1494416010 113.898240 22.952015 32.70 1.65 0.90 13 34 33 28 26
1494416011 113.898216 22.952053 32.40 1.65 0.90 13 34 33 32 29
1494416012 113.898180 22.952075 32.00 0.84 0.90 13 34 33 32 30
1494416013 113.898155 22.952095 30.60 0.84 0.86 14 35 34 34 31
1494416014 113.898118 22.952095 31.10 0.84 0.86 14 47 47 42 35
1494416015 113.898088 22.952091 31.40 0.84 0.86 14 34 32 31 30
1494416016 113.898058 22.952083 31.40 1.62 0.86 14 34 32 31 30
1494416016 113.898078 22.952093 32.40 0.83 0.99 14 35 34 27 25
1494416018 113.898135 22.952111 34.10 0.83 0.89 14 27 27 26 26
1494416019 113.898136 22.952121 34.40 0.99 0.89 14 34 33 30 26
1494416020 113.898113 22.952130 34.50 0.87 0.92 13 33 26 25 25
1494416021 113.898105 22.952135 34.70 1.37 0.89 14 37 33 31 26
1494416022 113.898081 22.952133 34.80 1.37 0.99 14 31 28 27 26
1494416023 113.898061 22.952131 34.90 1.37 0.99 14 37 29 25 24
1494416024 113.898028 22.952165 35.20 0.97 0.99 14 37 28 25 24
1494416025 113.898001 22.952175 35.80 0.97 0.89 14 36 30 29 29
1494416026 113.897978 22.952186 36.10 0.85 0.89 14 35 30 30 29
1494416027 113.897953 22.952190 36.40 0.85 0.87 14 35 30 27 27
1494416028 113.897926 22.952203 36.60 0.94 0.87 14 33 33 30 26
1494416029 113.897896 22.952230 36.70 0.94 2.09 14 31 29 25 24
1494416030 113.897851 22.952250 36.30 1.06 2.09 14 41 30 29 25
1494416031 113.897833 22.952225 36.10 1.15 0.92 14 33 29 27 25
1494416032 113.897820 22.952225 35.60 0.82 0.90 14 33 30 27 27
1494416033 113.897810 22.952225 35.20 0.82 0.87 14 29 28 27 26
1494416034 113.897788 22.952223 34.90 0.82 0.87 14 29 29 27 25
1494416035 113.897778 22.952221 34.40 0.82 0.87 14 33 30 28 27
1494416036 113.897768 22.952210 34.70 1.06 0.87 14 33 31 28 28
1494416036 113.897758 22.952208 34.70 1.01 0.95 14 33 30 29 28
1494416038 113.897755 22.952203 34.80 0.91 0.92 14 34 34 32 30
1494416039 113.897746 22.952203 34.90 0.91 0.91 14 35 32 28 26
1494416040 113.897748 22.952203 35.10 1.57 0.91 14 34 32 30 30
1494416041 113.897745 22.952205 35.20 1.57 0.93 13 34 30 26 25
1494416042 113.897741 22.952206 35.20 1.57 0.93 13 33 29 28 28
1494416043 113.897740 22.952206 35.30 1.57 0.93 13 33 31 28 26
1494416044 113.897736 22.952210 35.40 0.94 0.93 13 33 31 28 26
1494416045 113.897738 22.952215 35.10 0.94 0.94 14 33 31 28 25
1494416046 113.897736 22.952215 34.70 0.94 0.94 14 33 31 28 25
1494416047 113.897738 22.952220 34.90 0.91 0.94 14 33 31 27 23
1494416048 113.897738 22.952221 34.70 0.91 0.92 14 33 30 27 24
1494416049 113.897735 22.952225 34.90 0.94 0.92 14 34 30 25 25
1494416050 113.897731 22.952223 34.90 0.97 0.94 14 28 27 25 23
1494416051 113.897726 22.952226 35.00 0.97 0.92 14 35 33 28 26
1494416052 113.897728 22.952223 35.00 0.97 0.92 14 34 32 29 24
1494416053 113.897726 22.952226 35.10 0.97 0.92 14 33 33 29 26
1494416054 113.897726 22.952225 35.20 0.97 0.92 14 34 33 28 28
1494416055 113.897725 22.952225 35.20 0.97 0.92 14 33 33 28 26
1494416056 113.897721 22.952225 35.10 0.97 0.92 14 33 32 28 26
1494416057 113.897718 22.952225 35.00 0.97 0.92 14 33 31 27 26
1494416058 113.897715 22.952225 35.00 0.97 0.92 14 33 31 26 26
1494416059 113.897713 22.952226 34.90 0.97 0.92 14 32 31 25 25
1494416060 113.897708 22.952226 34.90 1.26 0.92 14 31 31 25 25
1494416061 113.897708 22.952223 34.90 1.09 0.93 13 30 30 25 18
1494416062 113.897706 22.952226 34.90 0.93 0.95 13 30 29 25 21
1494416063 113.897710 22.952223 35.00 1.00 0.91 13 31 29 25 22
1494416064 113.897713 22.952223 35.10 1.09 0.91 13 33 30 27 26
1494416065 113.897711 22.952221 35.20 1.09 0.95 13 34 30 28 26
1494416066 113.897713 22.952223 35.10 1.09 0.95 13 34 30 29 26
1494416067 113.897711 22.952221 35.00 1.09 0.95 13 35 30 30 29
1494416068 113.897715 22.952223 34.70 1.25 0.95 13 35 31 30 29
1494416069 113.897716 22.952220 34.70 1.25 0.96 13 34 30 30 18
1494416070 113.897718 22.952216 34.80 1.02 0.96 13 34 31 30 18
1494416071 113.897721 22.952211 34.90 1.02 0.94 13 33 31 28 25
1494416072 113.897723 22.952208 35.00 0.91 0.94 13 33 31 27 25
1494416073 113.897726 22.952205 35.00 0.91 0.91 14 33 30 26 25
1494416074 113.897730 22.952206 35.00 0.91 0.91 14 33 30 25 25
1494416075 113.897735 22.952205 35.00 1.01 0.91 14 33 30 25 22
1494416076 113.897736 22.952211 34.90 1.01 0.94 14 32 30 26 25
1494416077 113.897740 22.952218 35.20 1.01 0.94 14 32 28 27 25
1494416078 113.897746 22.952220 35.40 1.01 0.94 14 32 27 27 25
1494416079 113.897750 22.952221 35.70 1.01 0.94 14 34 30 26 25
1494416080 113.897743 22.952226 36.00 1.01 0.94 14 35 30 26 24
1494416081 113.897740 22.952231 36.00 1.01 0.92 14 36 33 32 25
1494416082 113.897738 22.952235 36.10 1.01 0.92 14 37 33 32 25
1494416083 113.897736 22.952231 36.40 1.01 0.92 14 37 32 28 25
1494416084 113.897738 22.952230 36.70 0.96 0.92 14 37 32 28 25
1494416085 113.897738 22.952228 37.00 0.96 0.92 14 37 34 28 24
1494416086 113.897735 22.952225 37.20 0.96 0.92 14 37 34 28 24
1494416087 113.897735 22.952220 37.10 0.94 0.92 14 37 36 34 27
1494416088 113.897741 22.952211 37.30 1.78 0.94 14 37 32 29 26
1494416089 113.897738 22.952215 37.30 1.78 0.98 14 37 35 32 27
1494416090 113.897740 22.952211 37.50 1.78 0.98 14 37 35 32 28
1494416091 113.897738 22.952211 37.50 1.78 0.98 14 37 33 28 28
1494416092 113.897736 22.952211 37.60 1.01 0.98 14 37 33 28 28
1494416093 113.897735 22.952211 37.70 1.01 0.94 14 37 34 28 28
1494416094 113.897730 22.952211 37.70 1.01 0.94 14 37 34 28 28
1494416095 113.897731 22.952215 37.70 1.01 0.94 14 34 27 27 27
1494416096 113.897728 22.952211 37.80 1.20 0.94 14 34 27 27 27
1494416096 113.897728 22.952211 37.80 1.03 0.95 13 34 34 27 27
1494416098 113.897726 22.952205 38.30 1.03 0.92 14 41 32 29 27
1494416099 113.897721 22.952200 38.80 1.03 0.92 14 34 31 27 25
1494416100 113.897716 22.952193 39.30 1.07 0.92 14 34 30 27 25
1494416101 113.897715 22.952190 39.80 1.07 0.95 14 34 31 28 27
1494416102 113.897711 22.952190 39.70 1.07 0.95 14 34 31 28 27
1494416103 113.897710 22.952191 39.60 1.07 0.95 14 34 31 30 28
1494416104 113.897711 22.952191 39.90 1.32 0.95 14 34 31 30 29
1494416105 113.897708 22.952193 39.90 1.32 0.96 14 35 30 29 29
1494416106 113.897708 22.952195 40.00 1.32 0.96 14 35 30 29 29
1494416107 113.897706 22.952200 40.20 1.32 0.96 14 35 30 28 24
1494416108 113.897705 22.952200 40.40 0.94 0.96 14 35 30 28 24
1494416109 113.897705 22.952198 40.40 0.94 0.91 14 35 27 26 25
1494416110 113.897703 22.952198 40.40 0.94 0.91 14 35 27 26 25
1494416111 113.897703 22.952198 40.40 0.94 0.91 14 34 28 27 25
1494416112 113.897705 22.952201 40.40 0.97 0.91 14 33 28 27 25
1494416113 113.897706 22.952205 40.40 0.97 0.94 14 32 27 27 26
1494416114 113.897708 22.952206 40.50 0.97 0.94 14 32 27 27 26
1494416115 113.897713 22.952211 40.50 0.98 0.94 14 34 33 25 23
1494416116 113.897715 22.952216 40.60 0.90 0.92 14 34 28 25 23
1494416117 113.897718 22.952223 40.70 0.90 0.90 14 34 29 26 25
1494416118 113.897718 22.952225 40.80 0.90 0.90 14 33 29 25 25
1494416119 113.897715 22.952230 40.70 0.94 0.90 14 32 27 26 26
1494416120 113.897715 22.952228 40.50 1.46 0.94 14 34 29 28 26
1494416120 113.897728 22.952223 40.30 1.01 0.92 14 35 26 25 23
1494416122 113.897738 22.952218 40.40 1.01 0.92 14 35 33 31 29
1494416123 113.897743 22.952216 40.50 1.01 0.92 14 34 33 30 27
1494416124 113.897751 22.952211 40.40 1.01 0.92 14 34 33 29 27
1494416125 113.897743 22.952218 40.40 1.01 0.92 14 34 33 28 27
1494416126 113.897743 22.952218 40.20 1.01 0.92 14 34 33 28 27
1494416127 113.897745 22.952215 40.10 1.01 0.92 14 34 33 28 27
1494416128 113.897745 22.952213 40.20 1.00 0.92 14 34 33 28 26
1494416128 113.897751 22.952210 40.20 1.00 0.93 14 35 30 26 24
1494416130 113.897761 22.952213 40.20 1.00 0.93 13 35 27 25 25
1494416131 113.897771 22.952201 40.00 1.00 0.93 13 34 32 25 25
1494416132 113.897771 22.952201 40.00 1.01 0.92 13 34 32 28 26
1494416133 113.897771 22.952203 40.10 1.01 0.92 13 33 30 25 25
1494416134 113.897783 22.952203 40.20 1.01 0.92 13 32 30 25 25
1494416135 113.897786 22.952201 40.30 1.01 0.92 13 33 32 30 28
1494416136 113.897790 22.952206 40.30 1.61 0.92 13 33 32 30 28
1494416137 113.897790 22.952206 40.20 1.61 0.93 13 37 35 33 25
1494416138 113.897791 22.952206 40.20 1.61 0.93 13 37 36 34 25
1494416139 113.897795 22.952210 40.20 1.61 0.93 13 34 34 32 25
1494416140 113.897791 22.952211 40.20 1.01 0.93 13 34 33 32 25
1494416141 113.897783 22.952213 40.20 1.01 0.92 14 35 31 26 25
1494416142 113.897783 22.952216 40.20 1.01 0.92 14 36 31 26 25
1494416143 113.897786 22.952225 40.10 0.96 0.92 14 34 28 26 26
1494416144 113.897790 22.952225 40.10 0.98 0.92 14 39 33 28 24
1494416145 113.897778 22.952218 40.50 0.98 0.91 14 32 31 29 23
1494416146 113.897773 22.952203 41.00 0.98 0.91 14 38 33 29 25
1494416147 113.897771 22.952201 41.00 0.98 0.91 14 40 31 30 22
1494416148 113.897766 22.952203 41.00 1.48 0.91 14 40 31 30 22
1494416149 113.897740 22.952201 41.30 1.48 0.96 14 31 31 29 26
1494416150 113.897746 22.952193 41.50 1.48 0.96 14 31 31 28 26
1494416151 113.897745 22.952190 41.70 1.48 0.96 14 33 29 28 28
1494416152 113.897738 22.952191 41.80 1.19 0.96 14 34 28 28 28
1494416153 113.897735 22.952195 41.90 1.19 0.92 13 30 27 27 25
1494416154 113.897730 22.952191 42.00 1.19 0.92 13 31 27 27 25
1494416155 113.897723 22.952186 42.20 1.19 0.92 13 36 36 30 26
1494416156 113.897705 22.952190 42.30 1.01 0.92 13 36 36 30 25
1494416157 113.897676 22.952203 42.10 1.01 0.94 13 37 30 29 27
1494416158 113.897646 22.952195 41.70 1.01 0.94 13 38 30 29 27
1494416159 113.897610 22.952188 41.40 1.01 0.94 13 29 28 27 26
1494416160 113.897573 22.952193 41.00 1.14 0.94 13 29 28 27 26
1494416161 113.897538 22.952195 40.70 1.14 0.92 14 31 28 27 25
1494416162 113.897511 22.952230 39.90 1.14 0.92 14 31 27 27 25
1494416162 113.897480 22.952243 39.60 0.97 0.92 14 37 30 29 26
1494416164 113.897431 22.952288 38.90 0.99 0.90 14 30 28 24 23
1494416165 113.897395 22.952303 38.70 0.95 0.92 14 38 32 31 28
1494416166 113.897365 22.952328 38.30 0.95 0.90 14 36 32 31 26
1494416167 113.897338 22.952353 37.90 0.95 0.90 14 31 29 25 25
1494416168 113.897308 22.952363 37.30 1.00 0.90 14 31 29 25 25
1494416169 113.897285 22.952370 36.30 1.00 0.94 14 35 32 31 30
1494416170 113.897255 22.952373 34.90 1.00 0.94 14 35 32 31 30
1494416170 113.897255 22.952396 36.10 0.94 0.94 14 34 34 32 30
1494416172 113.897230 22.952396 36.10 0.82 0.79 14 33 33 32 29
1494416173 113.897200 22.952393 35.80 0.82 0.78 14 32 32 30 29
1494416174 113.897156 22.952391 34.60 0.82 0.78 14 32 31 30 29
1494416175 113.897125 22.952396 33.50 0.78 0.78 14 31 31 30 30
1494416176 113.897095 22.952396 32.60 0.71 0.79 14 35 31 30 27
1494416177 113.897051 22.952391 32.20 0.74 0.78 14 35 31 30 29
1494416178 113.896998 22.952371 31.60 0.74 0.78 14 33 31 28 24
1494416179 113.896955 22.952356 31.00 0.74 0.78 14 29 29 29 29
1494416180 113.896918 22.952346 30.00 0.87 0.78 14 29 29 29 28
1494416181 113.896890 22.952341 29.20 0.87 0.90 14 32 30 27 25
1494416182 113.896881 22.952320 29.70 0.95 0.90 14 42 32 30 27
1494416183 113.896836 22.952306 28.10 0.95 0.88 14 33 30 30 29
1494416184 113.896830 22.952301 27.60 0.83 0.88 14 34 33 33 30
1494416185 113.896823 22.952305 27.10 0.83 0.88 14 32 31 31 29
1494416186 113.896825 22.952305 26.60 0.83 0.88 14 49 31 31 28
1494416187 113.896836 22.952296 26.20 1.11 0.88 14 27 27 23 23
1494416188 113.896836 22.952291 25.90 4.59 0.91 14 33 31 29 27
1494416189 113.896843 22.952280 25.60 1.07 0.92 14 23 22 22 20
1494416190 113.896846 22.952271 25.30 1.07 0.91 14 37 33 31 28
1494416191 113.896848 22.952263 25.30 1.07 0.91 14 37 32 31 28
1494416192 113.896855 22.952260 25.40 1.17 0.91 14 37 32 31 28
1494416193 113.896860 22.952261 25.40 1.17 0.91 14 37 33 31 31
1494416194 113.896860 22.952260 25.20 1.17 0.91 14 37 33 31 31
1494416195 113.896860 22.952260 25.20 1.17 0.91 14 42 38 35 31
1494416196 113.896856 22.952260 25.20 0.93 0.91 14 42 38 35 31
1494416197 113.896855 22.952258 25.30 0.93 0.88 14 41 35 32 31
1494416198 113.896856 22.952253 25.40 1.65 0.88 14 41 35 32 31
1494416199 113.896855 22.952245 25.50 1.24 0.95 14 35 34 32 24
1494416200 113.896846 22.952231 25.80 1.75 0.92 14 33 32 22 20
1494416201 113.896851 22.952220 26.30 1.09 0.97 14 31 31 21 18
1494416202 113.896846 22.952218 26.50 0.77 0.84 14 31 24 20 19
1494416203 113.896841 22.952206 26.70 0.77 0.82 14 31 26 24 24
1494416204 113.896835 22.952186 26.90 0.87 0.82 14 35 31 27 23
1494416205 113.896831 22.952183 27.20 0.87 0.82 14 42 37 32 25
1494416206 113.896826 22.952178 27.40 0.87 0.82 14 37 34 28 26
1494416207 113.896825 22.952178 27.50 0.83 0.82 14 29 27 25 24
1494416208 113.896818 22.952173 27.60 0.83 0.88 14 28 26 20 17
1494416209 113.896821 22.952175 27.70 0.83 0.88 14 30 30 28 27
1494416210 113.896825 22.952175 27.80 0.83 0.88 14 31 29 27 27
1494416211 113.896823 22.952176 27.80 0.83 0.88 14 34 32 29 26
1494416212 113.896823 22.952178 27.80 0.83 0.88 14 28 25 23 22
1494416213 113.896823 22.952180 27.80 0.87 0.88 14 28 26 25 25
1494416214 113.896821 22.952181 27.80 1.01 0.88 14 28 25 25 23
1494416215 113.896825 22.952181 27.90 1.01 0.90 14 28 25 25 25
1494416216 113.896826 22.952186 27.90 1.03 0.90 14 28 25 25 21
1494416217 113.896823 22.952190 28.00 0.93 0.90 14 28 24 24 21
1494416218 113.896826 22.952195 28.00 1.10 0.90 14 26 25 25 22
1494416219 113.896826 22.952198 28.10 1.09 0.91 14 26 25 25 22
1494416220 113.896830 22.952203 28.10 1.05 0.88 14 25 24 24 23
1494416221 113.896826 22.952205 28.10 0.97 0.88 14 33 30 27 25
1494416222 113.896831 22.952205 28.10 0.97 0.88 14 28 28 26 24
1494416223 113.896830 22.952208 28.10 0.97 0.88 14 35 29 29 25
1494416224 113.896833 22.952210 28.10 1.65 0.88 14 35 29 29 25
1494416225 113.896835 22.952211 28.10 1.28 0.95 14 28 27 25 22
1494416226 113.896836 22.952213 28.10 1.05 0.92 14 35 28 24 24
1494416227 113.896833 22.952210 28.10 1.05 0.88 14 35 33 26 26
1494416228 113.896836 22.952208 28.10 1.09 0.88 14 35 35 27 27
1494416229 113.896840 22.952205 28.10 1.09 0.88 14 34 33 28 26
1494416230 113.896843 22.952201 28.10 1.09 0.88 14 34 33 29 25
1494416231 113.896845 22.952196 28.10 1.05 0.88 14 34 30 27 24
1494416232 113.896851 22.952195 28.10 1.41 0.88 14 27 26 26 22
1494416233 113.896860 22.952193 28.30 1.11 0.89 14 26 26 20 19
1494416234 113.896855 22.952191 28.40 1.11 0.88 13 26 24 20 19
1494416235 113.896846 22.952190 28.50 1.11 0.88 13 26 24 20 17
1494416236 113.896838 22.952190 28.60 1.11 0.88 13 26 24 20 17
1494416237 113.896835 22.952191 28.70 1.75 0.88 13 26 23 20 16
1494416238 113.896828 22.952193 28.80 1.75 0.96 13 26 23 20 17
1494416239 113.896825 22.952193 28.90 1.75 0.96 13 27 23 20 18
1494416240 113.896801 22.952208 28.90 1.65 0.96 13 26 23 20 18
1494416241 113.896821 22.952220 28.90 1.04 0.95 13 26 25 21 20
1494416242 113.896833 22.952225 28.80 1.04 0.90 13 26 26 23 20
1494416243 113.896838 22.952238 28.80 1.04 0.90 13 26 26 20 19
1494416244 113.896861 22.952250 28.70 1.04 0.90 13 26 25 19 19
1494416245 113.896840 22.952256 28.70 1.65 0.90 13 25 25 19 19
1494416246 113.896845 22.952260 28.60 1.65 0.95 13 25 24 19 19
1494416247 113.896853 22.952256 28.60 1.65 0.95 13 25 24 20 19
1494416248 113.896858 22.952256 28.60 2.87 0.95 13 26 25 21 19
1494416249 113.896863 22.952255 28.50 1.65 0.97 13 26 25 21 19
1494416250 113.896868 22.952256 28.50 1.65 0.95 13 26 25 21 19
1494416251 113.896863 22.952250 28.40 1.11 0.95 13 26 25 21 19
1494416252 113.896853 22.952243 28.40 1.41 0.88 13 27 25 19 19
1494416253 113.896850 22.952238 28.30 1.18 0.89 13 27 25 19 19
1494416254 113.896850 22.952233 28.30 0.97 0.89 13 27 26 20 19
1494416255 113.896835 22.952221 28.30 0.97 0.88 13 27 26 20 19
1494416256 113.896828 22.952211 28.20 1.08 0.88 13 27 25 19 19
1494416257 113.896856 22.952206 28.20 0.97 0.88 13 27 25 20 19
1494416258 113.896870 22.952201 28.30 0.97 0.88 13 31 30 29 26
1494416259 113.896856 22.952206 28.20 0.97 0.88 13 30 30 30 26
1494416260 113.896865 22.952205 28.30 1.05 0.82 14 33 30 29 27
1494416261 113.896860 22.952208 28.30 1.05 0.88 14 30 30 30 27
1494416262 113.896855 22.952211 28.40 1.05 0.88 14 31 30 30 27
1494416263 113.896853 22.952215 28.00 1.05 0.88 14 34 29 28 27
1494416264 113.896855 22.952211 27.60 1.00 0.88 14 34 29 28 27
1494416265 113.896853 22.952205 27.90 1.00 0.91 14 39 36 36 29
1494416266 113.896855 22.952208 27.40 1.00 0.91 14 39 36 36 29
1494416267 113.896851 22.952205 27.50 1.00 0.91 14 38 35 35 26
1494416268 113.896850 22.952205 27.50 1.14 0.91 14 37 35 35 26
1494416269 113.896845 22.952203 27.60 1.03 0.92 14 33 30 29 23
1494416270 113.896818 22.952183 27.70 0.93 0.90 14 32 31 30 23
1494416271 113.896816 22.952165 28.10 0.93 0.88 14 37 33 32 27
1494416272 113.896811 22.952148 28.60 0.90 0.88 14 37 34 33 28
1494416273 113.896811 22.952146 28.50 0.90 0.87 14 37 34 33 25
1494416274 113.896808 22.952143 28.30 0.90 0.87 14 37 34 33 25
1494416275 113.896808 22.952141 28.30 0.90 0.87 14 38 35 34 28
1494416276 113.896806 22.952140 28.20 1.17 0.87 14 38 36 34 28
1494416277 113.896808 22.952140 28.30 0.93 0.91 13 38 36 34 25
1494416278 113.896806 22.952138 28.30 0.93 0.91 13 38 36 34 28
1494416279 113.896803 22.952136 28.50 0.93 0.91 13 37 36 34 27
1494416280 113.896800 22.952135 28.70 0.96 0.91 13 36 36 34 27
1494416281 113.896796 22.952133 28.90 0.96 0.91 14 35 35 34 26
1494416282 113.896796 22.952133 29.00 0.96 0.91 14 35 34 34 26
1494416283 113.896795 22.952133 29.00 0.96 0.91 14 34 33 27 26
1494416284 113.896793 22.952133 29.20 0.96 0.91 14 33 33 27 26
1494416285 113.896791 22.952131 29.10 0.96 0.91 14 34 33 30 28
1494416286 113.896790 22.952130 29.20 0.96 0.91 14 35 33 30 29
1494416287 113.896786 22.952130 29.20 0.96 0.91 14 35 33 31 23
1494416288 113.896783 22.952126 29.20 0.86 0.91 13 24 22 22 20
1494416289 113.896781 22.952121 29.30 0.86 0.90 13 35 31 31 29
1494416290 113.896783 22.952120 29.30 0.86 0.90 13 37 36 35 33
1494416291 113.896785 22.952116 29.30 0.86 0.90 13 36 36 32 29
1494416292 113.896786 22.952115 29.30 0.87 0.90 13 36 36 32 29
1494416293 113.896788 22.952115 29.30 0.73 0.82 14 38 36 31 31
1494416294 113.896788 22.952113 29.30 0.73 0.78 14 35 35 34 31
1494416295 113.896790 22.952113 29.40 0.73 0.78 14 38 35 32 29
1494416296 113.896791 22.952115 29.60 0.82 0.78 14 38 35 32 30
1494416297 113.896790 22.952115 29.50 0.82 0.82 14 38 34 33 32
1494416298 113.896788 22.952116 29.40 0.82 0.82 14 38 34 33 32
1494416299 113.896788 22.952120 29.30 1.05 0.82 14 37 33 31 29
1494416300 113.896786 22.952118 29.50 0.83 0.88 14 36 36 32 31
1494416301 113.896788 22.952120 29.50 0.83 0.87 14 36 35 33 32
1494416302 113.896788 22.952121 29.50 0.83 0.87 14 36 35 34 32
1494416303 113.896793 22.952121 29.60 0.83 0.87 14 35 34 34 31
1494416304 113.896795 22.952113 29.60 1.05 0.87 14 35 34 33 31
1494416305 113.896791 22.952085 29.40 1.05 0.88 14 33 25 25 24
1494416306 113.896793 22.952056 29.20 1.05 0.88 14 32 27 25 24
1494416307 113.896795 22.952030 29.00 0.95 0.88 14 25 25 23 20
1494416308 113.896783 22.951990 28.70 1.29 0.90 13 24 22 18 17
1494416309 0.000000 0.000000 0.00 0.00 2.26 13 13 9 2 0
1494416310 0.000000 0.000000 0.00 0.00 0.00 13 0 0 0 0
1494416311 0.000000 0.000000 0.00 0.00 0.00 13 0 0 0 0
1494416312 0.000000 0.000000 0.00 0.00 0.00 13 0 0 0 0
1494416313 0.000000 0.000000 0.00 0.00 0.00 13 0 0 0 0
1494416314 0.000000 0.000000 0.00 0.00 0.00 13 0 0 0 0
1494416315 0.000000 0.000000 0.00 0.00 0.00 13 0 0 0 0
1494416316 113.896541 22.951863 28.50 5.13 0.00 13 22 0 0 0
1494416317 113.896530 22.951871 28.50 2.72 1.00 13 21 0 0 0
1494416318 113.896618 22.951785 28.50 1.11 0.92 13 20 0 0 0
1494416319 113.896603 22.951766 28.40 1.11 0.91 13 33 28 26 24
1494416320 113.896713 22.951710 28.50 0.95 0.91 13 26 25 25 24
1494416321 113.896840 22.951676 29.60 0.95 0.90 14 39 36 32 32
1494416322 113.896890 22.951651 30.00 0.95 0.90 14 38 33 29 28
1494416323 113.896918 22.951626 30.20 0.95 0.90 14 38 31 27 25
1494416324 113.896948 22.951601 29.90 2.09 0.90 14 38 31 27 25
1494416325 113.896973 22.951580 29.70 2.09 3.04 14 38 32 31 25
1494416326 113.896978 22.951558 29.50 2.09 3.04 14 38 32 31 25
1494416327 113.896980 22.951521 29.30 2.09 3.04 14 38 32 26 26
1494416328 113.896976 22.951481 29.20 3.07 3.04 14 38 32 26 26
1494416329 113.896941 22.951456 29.40 1.21 2.81 14 38 35 32 30
1494416330 113.896906 22.951398 30.70 1.21 2.11 14 37 35 34 34
1494416331 113.896896 22.951351 31.90 1.21 2.11 14 37 36 34 34
1494416332 113.896888 22.951311 32.90 1.33 2.11 14 37 36 34 33
1494416333 113.896871 22.951285 34.10 1.05 1.83 14 38 37 36 34
1494416334 113.896856 22.951255 34.90 1.05 1.73 14 38 36 36 32
1494416335 113.896851 22.951228 35.30 1.05 1.73 14 39 38 38 37
1494416336 113.896855 22.951206 36.10 1.33 1.73 14 39 38 38 37
1494416337 113.896863 22.951195 36.30 1.33 1.82 14 35 34 31 31
1494416338 113.896876 22.951193 37.00 1.33 1.82 14 34 34 31 31
1494416339 113.896885 22.951200 37.60 1.33 1.82 14 35 34 34 32
1494416340 113.896890 22.951203 38.00 0.90 1.82 14 36 34 34 33
1494416341 113.896895 22.951211 37.10 0.90 0.86 14 36 34 34 32
1494416342 113.896893 22.951215 36.70 0.90 0.86 14 36 35 34 32
1494416343 113.896890 22.951216 36.50 0.90 0.86 14 35 35 34 34
1494416344 113.896891 22.951216 36.90 0.90 0.86 14 35 35 34 34
1494416345 113.896891 22.951216 37.00 0.90 0.86 14 41 39 39 39
1494416346 113.896890 22.951215 37.00 0.90 0.86 14 41 39 39 39
1494416347 113.896886 22.951211 37.00 0.90 0.86 14 40 39 39 39
1494416348 113.896885 22.951211 37.00 1.02 0.86 14 40 39 39 39
1494416349 113.896885 22.951211 37.00 1.02 0.87 14 40 39 39 38
1494416350 113.896883 22.951210 37.10 1.02 0.87 14 40 39 39 37
1494416351 113.896885 22.951210 37.00 0.90 0.87 14 40 39 39 37
1494416352 113.896890 22.951210 37.00 0.90 0.86 14 40 39 38 37
1494416353 113.896890 22.951210 37.00 0.90 0.86 14 40 39 38 37
1494416354 113.896893 22.951208 37.00 0.82 0.86 14 40 39 39 37
1494416355 113.896893 22.951210 37.00 0.82 0.86 14 40 40 39 37
1494416356 113.896895 22.951210 37.10 0.95 0.86 14 40 39 39 37
1494416357 113.896895 22.951210 37.10 0.95 0.86 14 40 39 38 38
1494416358 113.896895 22.951211 37.00 0.95 0.86 14 40 37 36 36
1494416359 113.896895 22.951211 37.00 0.95 0.86 14 40 37 34 34
1494416360 113.896895 22.951210 37.10 0.91 0.86 14 40 37 34 33
1494416361 113.896900 22.951226 36.70 0.91 0.86 14 38 34 33 30
1494416362 113.896898 22.951243 36.30 0.91 0.86 14 37 34 33 30
1494416363 113.896895 22.951255 35.90 0.91 0.86 14 36 32 31 25
1494416364 113.896896 22.951258 35.50 0.91 0.86 14 35 32 32 25
1494416365 113.896896 22.951258 35.70 0.91 0.86 14 35 32 32 30
1494416366 113.896896 22.951258 35.80 0.91 0.86 14 35 32 32 30
1494416367 113.896900 22.951261 35.80 0.91 0.86 14 33 32 31 31
1494416368 113.896905 22.951266 35.80 1.09 0.86 14 32 32 31 30
1494416369 113.896908 22.951270 35.80 1.09 0.79 14 32 31 31 30
1494416370 113.896911 22.951273 35.90 1.09 0.79 14 32 31 31 31
1494416371 113.896913 22.951276 35.90 1.09 0.79 14 33 32 32 30
1494416372 113.896913 22.951278 35.80 1.05 0.79 14 33 33 32 30
1494416373 113.896906 22.951273 35.90 1.05 0.78 14 41 36 35 32
1494416374 113.896898 22.951270 36.00 1.05 0.78 14 41 36 35 32
1494416375 113.896890 22.951266 36.00 1.05 0.78 14 40 37 36 33
1494416376 113.896891 22.951265 36.00 1.05 0.78 14 39 37 36 33
1494416377 113.896886 22.951263 36.10 1.05 0.78 14 38 35 34 32
1494416378 113.896885 22.951266 36.00 1.05 0.78 14 37 35 34 32
1494416379 113.896883 22.951270 36.10 1.05 0.78 14 36 35 34 33
1494416380 113.896885 22.951271 36.10 1.30 0.78 14 36 35 34 33
1494416381 113.896886 22.951271 36.10 0.90 0.80 14 33 33 32 28
1494416382 113.896886 22.951273 36.10 0.88 0.86 14 35 35 34 32
1494416383 113.896885 22.951271 36.20 0.74 0.78 14 39 35 34 33
1494416384 113.896883 22.951268 36.40 0.77 0.78 14 39 35 34 31
1494416385 113.896883 22.951268 36.50 0.74 0.82 14 39 34 34 31
1494416386 113.896883 22.951268 36.60 0.74 0.78 14 39 34 33 32
1494416387 113.896885 22.951268 36.50 0.70 0.78 14 39 33 32 31
1494416388 113.896885 22.951270 36.30 0.70 0.78 14 39 33 32 31
1494416389 113.896883 22.951270 36.10 0.70 0.78 14 40 34 30 30
1494416390 113.896881 22.951270 36.00 0.70 0.78 14 39 34 31 30
1494416391 113.896883 22.951271 36.10 0.70 0.78 14 39 34 32 31
1494416392 113.896880 22.951271 35.90 0.74 0.78 14 40 33 32 31
1494416393 113.896881 22.951271 36.00 0.82 0.78 14 40 33 32 31
1494416394 113.896880 22.951270 35.90 0.82 0.78 14 39 33 32 32
1494416395 113.896880 22.951270 35.80 0.82 0.78 14 39 34 33 32
1494416396 113.896881 22.951270 35.90 0.90 0.78 14 39 35 33 32
1494416397 113.896881 22.951271 35.80 0.90 0.86 14 37 35 33 32
1494416398 113.896883 22.951275 35.60 0.90 0.86 14 36 35 34 34
1494416399 113.896885 22.951275 35.70 0.90 0.86 14 36 35 34 34
1494416400 113.896883 22.951276 35.70 1.02 0.86 14 36 35 34 34
1494416401 113.896883 22.951276 35.70 1.02 0.87 14 36 35 34 34
1494416402 113.896881 22.951276 35.70 1.02 0.87 14 36 35 34 34
1494416403 113.896878 22.951273 35.80 1.02 0.87 14 37 35 35 32
1494416404 113.896880 22.951270 35.90 1.51 0.87 14 38 36 35 31
1494416405 113.896878 22.951266 35.90 1.51 0.88 14 37 35 31 31
1494416406 113.896878 22.951271 35.90 1.51 0.88 14 37 35 31 31
1494416407 113.896883 22.951265 36.10 1.51 0.88 14 36 34 33 33
1494416408 113.896885 22.951258 36.40 1.14 0.88 14 35 34 34 33
1494416409 113.896886 22.951253 36.70 1.14 0.87 14 35 34 34 31
1494416410 113.896886 22.951251 36.70 1.14 0.87 14 35 35 34 32
1494416411 113.896885 22.951245 36.80 1.14 0.87 14 33 31 29 29
1494416412 113.896885 22.951241 36.90 1.28 0.87 14 32 30 29 29
1494416413 113.896883 22.951240 36.90 1.28 0.88 14 37 36 34 33
1494416414 113.896885 22.951233 37.00 1.28 0.88 14 37 36 34 34
1494416415 113.896886 22.951226 37.20 1.28 0.88 14 38 37 36 36
1494416416 113.896888 22.951221 37.20 0.90 0.88 14 38 37 37 36
