1494414771 0.000000 0.000000 0.00 0.00 0.00 0 0 0 0 0
1494414772 0.000000 0.000000 0.00 0.00 0.00 13 31 0 0 0
1494414773 113.896781 22.951226 33.70 1.55 0.00 13 37 32 29 0
1494414774 113.896771 22.951236 33.70 1.48 0.96 13 36 33 32 0
1494414775 113.896790 22.951256 33.70 1.15 0.95 13 40 35 35 28
1494414776 113.896790 22.951243 33.70 0.92 0.91 13 36 35 32 28
1494414777 113.896800 22.951245 33.80 0.86 0.87 14 38 37 33 32
1494414778 113.896805 22.951238 33.70 0.79 0.86 14 39 38 37 35
1494414779 113.896808 22.951240 33.80 0.77 0.86 14 40 38 35 34
1494414780 113.896805 22.951241 33.80 0.77 0.86 14 38 37 35 35
1494414781 113.896803 22.951243 33.80 0.77 0.86 14 38 37 36 34
1494414782 113.896810 22.951238 33.70 0.77 0.86 14 39 37 37 36
1494414784 113.896811 22.951248 33.70 0.84 0.86 14 39 38 37 36
1494414785 113.896815 22.951256 33.70 0.84 0.86 14 39 37 36 36
1494414786 113.896816 22.951258 33.70 0.84 0.86 14 39 37 36 35
1494414787 113.896818 22.951256 33.70 0.84 0.86 14 39 38 38 33
1494414788 113.896820 22.951256 33.70 0.79 0.86 14 38 38 38 33
1494414789 113.896823 22.951255 33.70 0.79 0.85 14 38 38 37 33
1494414790 113.896828 22.951255 33.70 0.70 0.85 14 39 38 36 32
1494414791 113.896835 22.951256 33.70 0.70 0.85 14 39 38 36 32
1494414792 113.896840 22.951256 33.70 0.70 0.85 14 39 38 36 32
1494414793 113.896843 22.951258 33.70 0.70 0.85 14 39 38 37 32
1494414794 113.896843 22.951258 33.70 0.70 0.85 14 39 38 37 33
1494414795 113.896845 22.951260 33.70 0.79 0.85 14 38 36 36 32
1494414796 113.896845 22.951258 33.70 0.79 0.85 14 37 36 33 28
1494414797 113.896846 22.951260 33.70 0.70 0.85 14 39 37 34 31
1494414798 113.896846 22.951258 33.70 0.70 0.85 14 38 36 35 31
1494414799 113.896846 22.951256 33.70 0.70 0.85 14 36 35 32 31
1494414800 113.896850 22.951256 33.70 0.70 0.85 14 36 35 33 33
1494414801 113.896851 22.951256 33.60 0.70 0.85 14 37 35 34 33
1494414802 113.896850 22.951256 33.60 0.69 0.85 14 37 36 34 33
1494414803 113.896851 22.951255 33.60 0.69 0.87 14 36 36 34 33
1494414804 113.896851 22.951250 33.60 0.87 0.87 14 40 35 35 32
1494414805 113.896851 22.951250 33.60 0.86 0.91 14 42 39 36 36
1494414806 113.896853 22.951248 33.60 0.81 0.88 14 41 39 36 35
1494414807 113.896853 22.951248 33.60 0.81 0.88 14 40 39 36 35
1494414808 113.896851 22.951250 33.60 0.76 0.88 14 39 37 37 35
1494414809 113.896851 22.951250 33.60 0.76 0.87 14 38 37 36 33
1494414810 113.896853 22.951248 33.70 0.85 0.87 14 39 37 36 34
1494414811 113.896855 22.951246 33.70 0.84 0.88 14 40 37 36 34
1494414812 113.896856 22.951246 33.70 0.77 0.86 14 40 36 36 34
1494414813 113.896855 22.951243 33.70 0.77 0.86 14 40 37 36 33
1494414814 113.896853 22.951241 33.70 0.77 0.86 14 39 37 37 33
1494414815 113.896855 22.951243 33.70 0.77 0.86 14 40 38 38 37
1494414816 113.896853 22.951241 33.80 0.73 0.86 14 39 38 38 35
1494414817 113.896853 22.951243 33.80 0.67 0.84 14 40 38 38 35
1494414818 113.896853 22.951243 33.80 0.67 0.84 14 39 37 37 33
1494414819 113.896851 22.951245 33.80 0.67 0.84 14 39 37 36 34
1494414820 113.896850 22.951246 33.80 0.70 0.84 14 38 36 36 33
1494414821 113.896851 22.951245 33.80 0.70 0.85 14 38 38 37 33
1494414822 113.896851 22.951245 33.80 0.70 0.85 14 39 38 37 32
1494414823 113.896853 22.951245 33.90 0.70 0.85 14 39 38 37 31
1494414824 113.896853 22.951245 33.90 0.74 0.85 14 40 38 37 31
1494414825 113.896853 22.951243 33.90 0.70 0.86 14 40 37 37 32
1494414826 113.896853 22.951243 33.90 0.70 0.86 14 40 37 36 32
1494414827 113.896853 22.951243 33.90 0.70 0.86 14 40 37 37 33
1494414828 113.896853 22.951241 33.90 0.67 0.86 14 40 38 37 32
1494414829 113.896855 22.951241 33.90 0.70 0.84 14 40 39 39 34
1494414830 113.896855 22.951240 33.90 0.79 0.85 14 40 40 39 35
1494414831 113.896855 22.951240 33.90 0.79 0.85 14 41 40 39 35
1494414832 113.896853 22.951240 33.90 0.79 0.85 14 40 40 39 33
1494414833 113.896853 22.951240 33.90 0.69 0.85 14 40 40 39 39
1494414834 113.896853 22.951240 33.90 0.69 0.85 14 40 40 39 38
1494414835 113.896853 22.951240 33.80 0.69 0.85 14 41 40 40 39
1494414836 113.896853 22.951240 33.90 0.91 0.85 14 41 40 40 39
1494414837 113.896853 22.951241 33.80 0.91 0.88 14 40 40 39 38
1494414838 113.896853 22.951243 33.70 0.91 0.88 14 40 40 39 38
1494414839 113.896853 22.951245 33.70 0.91 0.88 14 40 38 34 33
1494414840 113.896855 22.951246 33.70 0.88 0.88 14 40 37 34 34
1494414841 113.896866 22.951251 33.70 0.88 0.86 14 34 33 30 29
1494414842 113.896881 22.951248 33.50 0.88 0.86 14 35 32 30 29
1494414843 113.896900 22.951236 33.40 0.88 0.86 14 30 29 28 27
1494414844 113.896933 22.951235 33.30 1.02 0.86 14 31 29 27 27
1494414845 113.896975 22.951258 32.90 1.02 0.90 14 31 30 29 27
1494414846 113.897011 22.951266 32.90 1.02 0.90 14 50 30 29 27
1494414847 113.897045 22.951273 32.80 1.02 0.90 14 29 27 26 26
1494414848 113.897081 22.951281 32.40 0.98 0.90 14 29 27 26 26
1494414849 113.897113 22.951283 32.40 0.98 0.89 14 29 27 27 27
1494414850 113.897141 22.951293 32.10 0.98 0.89 14 42 29 28 27
1494414851 113.897176 22.951285 32.00 0.98 0.89 14 30 29 28 27
1494414852 113.897211 22.951280 31.80 0.98 0.89 14 28 28 28 27
1494414853 113.897245 22.951280 31.60 1.01 0.89 14 29 28 28 28
1494414854 113.897273 22.951281 31.50 0.98 0.90 14 28 28 27 27
1494414855 113.897301 22.951276 31.40 0.98 0.89 14 30 29 27 27
1494414856 113.897320 22.951276 31.50 0.98 0.89 14 28 28 28 27
1494414857 113.897346 22.951276 31.30 0.98 0.89 14 35 29 29 28
1494414858 113.897386 22.951281 30.90 0.84 0.89 14 29 29 28 25
1494414859 113.897426 22.951295 30.30 0.84 0.88 14 41 40 34 29
1494414860 113.897456 22.951291 30.10 0.84 0.88 14 40 38 33 28
1494414861 113.897485 22.951290 29.90 0.84 0.88 14 36 36 32 27
1494414862 113.897515 22.951283 29.50 0.84 0.88 14 41 34 30 26
1494414863 113.897545 22.951275 29.30 0.84 0.88 14 41 35 28 26
1494414864 113.897571 22.951271 29.20 0.75 0.88 14 41 33 26 25
1494414865 113.897593 22.951276 28.70 0.75 0.87 14 40 26 26 25
1494414866 113.897621 22.951278 28.60 0.75 0.87 14 41 39 26 26
1494414867 113.897641 22.951281 28.50 0.75 0.87 14 39 37 37 29
1494414868 113.897645 22.951281 28.00 0.77 0.87 14 39 37 36 29
1494414869 113.897648 22.951283 27.40 0.77 0.88 14 42 37 33 30
1494414870 113.897645 22.951285 27.00 0.77 0.88 14 52 44 38 33
1494414871 113.897640 22.951286 26.70 0.77 0.88 14 45 38 38 28
1494414872 113.897633 22.951281 26.40 0.72 0.88 14 45 38 38 28
1494414872 113.897631 22.951250 25.50 0.74 0.86 14 42 39 36 32
1494414874 113.897630 22.951225 26.00 0.74 0.86 14 43 39 34 31
1494414875 113.897618 22.951220 27.00 0.74 0.86 14 42 38 33 31
1494414876 113.897608 22.951215 28.20 0.70 0.86 14 42 38 32 31
1494414877 113.897605 22.951216 28.00 0.70 0.86 14 44 38 31 31
1494414878 113.897600 22.951218 28.90 0.70 0.86 14 43 38 38 31
1494414879 113.897598 22.951225 27.90 0.70 0.86 14 43 38 31 29
1494414880 113.897596 22.951230 27.40 0.73 0.86 14 43 38 31 29
1494414881 113.897605 22.951231 26.80 0.73 0.86 14 43 38 32 31
1494414882 113.897610 22.951230 26.90 0.73 0.87 14 43 40 31 29
1494414883 113.897631 22.951236 27.00 0.73 0.87 14 43 40 28 25
1494414884 113.897650 22.951230 27.10 0.80 0.87 14 43 40 27 25
1494414885 113.897633 22.951235 27.80 0.80 0.91 14 43 42 30 29
1494414886 113.897630 22.951236 27.90 0.85 0.91 14 52 43 41 30
1494414887 113.897628 22.951236 28.30 0.85 0.94 14 44 42 30 29
1494414888 113.897628 22.951235 28.80 0.83 0.94 14 44 42 31 28
1494414889 113.897630 22.951235 28.40 0.83 0.92 14 44 42 30 28
1494414890 113.897635 22.951240 28.10 0.83 0.92 14 44 42 30 28
1494414891 113.897631 22.951240 27.90 0.83 0.92 14 44 42 30 28
1494414892 113.897633 22.951241 28.30 0.86 0.92 14 44 42 30 28
1494414893 113.897630 22.951240 28.30 0.86 0.92 14 44 42 30 28
1494414894 113.897630 22.951240 28.30 0.86 0.92 14 44 42 30 28
1494414895 113.897631 22.951241 28.40 0.86 0.92 14 43 43 32 28
1494414896 113.897633 22.951245 28.50 0.80 0.92 14 43 43 32 28
1494414897 113.897633 22.951246 28.60 0.80 0.89 14 42 41 32 27
1494414898 113.897630 22.951248 28.60 0.80 0.89 14 42 40 32 26
1494414899 113.897620 22.951245 28.70 0.80 0.89 14 42 34 33 30
1494414900 113.897613 22.951243 28.90 0.79 0.89 14 42 35 33 30
1494414901 113.897610 22.951240 29.00 0.79 0.91 14 43 35 33 30
1494414902 113.897610 22.951238 29.20 0.79 0.91 14 43 36 32 30
1494414903 113.897610 22.951235 29.30 0.79 0.91 14 43 37 31 31
1494414904 113.897606 22.951236 29.40 0.75 0.91 14 43 38 31 31
1494414905 113.897606 22.951236 29.50 0.75 0.90 14 43 37 33 27
1494414906 113.897606 22.951236 29.50 0.75 0.90 14 43 36 34 32
1494414907 113.897606 22.951236 29.60 0.75 0.90 14 43 35 34 33
1494414908 113.897605 22.951238 29.60 0.79 0.90 14 43 36 33 33
1494414909 113.897605 22.951236 29.60 0.79 0.89 14 43 37 36 31
1494414910 113.897605 22.951238 29.60 0.79 0.89 14 43 38 36 30
1494414911 113.897603 22.951236 29.60 0.79 0.89 14 42 38 35 29
1494414912 113.897601 22.951235 29.70 0.92 0.89 14 42 38 35 28
1494414913 113.897603 22.951231 29.70 0.92 0.89 14 41 39 38 29
1494414914 113.897606 22.951233 29.70 0.92 0.89 14 41 39 38 29
1494414915 113.897610 22.951235 29.70 0.92 0.89 14 41 38 37 36
1494414916 113.897608 22.951235 29.80 0.75 0.89 14 41 38 37 36
1494414917 113.897610 22.951235 29.80 0.75 0.86 14 41 38 36 32
1494414918 113.897608 22.951235 29.80 0.75 0.86 14 41 38 36 32
1494414919 113.897608 22.951235 29.80 0.75 0.86 14 41 38 36 32
1494414920 113.897606 22.951235 29.80 0.81 0.86 14 41 38 36 32
1494414921 113.897606 22.951236 29.80 0.81 0.90 14 40 38 34 33
1494414922 113.897605 22.951236 29.80 0.81 0.90 14 40 38 34 33
1494414922 113.897608 22.951236 29.70 0.73 0.90 14 40 38 36 32
1494414924 113.897606 22.951231 29.80 0.75 0.87 14 40 38 37 33
1494414925 113.897596 22.951226 29.90 0.70 0.87 14 40 38 36 35
1494414926 113.897586 22.951220 30.20 0.72 0.86 14 39 38 36 34
1494414927 113.897586 22.951215 30.50 0.72 0.86 14 38 37 35 33
1494414928 113.897581 22.951211 30.30 0.72 0.86 14 38 37 36 33
1494414929 113.897585 22.951225 30.20 0.72 0.86 14 38 37 37 32
1494414930 113.897585 22.951233 30.30 0.72 0.86 14 52 49 39 31
1494414930 113.897586 22.951250 30.40 0.82 0.86 14 40 38 36 33
1494414932 113.897586 22.951243 30.50 0.83 0.91 14 41 38 35 34
1494414933 113.897591 22.951230 30.70 0.81 0.91 14 41 38 34 34
1494414934 113.897593 22.951230 30.80 0.77 0.90 14 41 38 34 33
1494414935 113.897593 22.951231 30.90 0.77 0.88 14 40 38 34 31
1494414936 113.897595 22.951235 30.90 0.80 0.88 14 40 38 35 32
1494414937 113.897600 22.951225 30.80 0.80 0.90 14 39 38 35 31
1494414938 113.897613 22.951251 30.90 0.80 0.90 14 38 38 35 30
1494414939 113.897626 22.951273 30.90 0.80 0.90 14 38 37 36 30
1494414940 113.897618 22.951261 30.90 0.71 0.90 14 38 37 37 30
1494414941 113.897611 22.951253 30.80 0.71 0.87 14 38 38 36 35
1494414942 113.897611 22.951256 30.60 0.72 0.87 14 39 38 36 36
1494414943 113.897606 22.951255 30.50 0.70 0.86 14 40 39 38 35
1494414944 113.897603 22.951250 30.30 0.70 0.86 14 39 39 34 33
1494414945 113.897600 22.951245 30.20 0.70 0.86 14 40 39 33 32
1494414946 113.897600 22.951250 30.20 0.70 0.86 14 40 39 33 32
1494414947 113.897596 22.951246 30.00 0.70 0.86 14 40 39 34 32
1494414948 113.897581 22.951246 29.70 0.71 0.86 14 40 39 34 32
1494414949 113.897583 22.951255 29.40 0.71 0.87 14 40 39 34 32
1494414950 113.897581 22.951260 29.10 0.71 0.87 14 52 47 40 34
1494414951 113.897581 22.951263 28.80 0.71 0.87 14 41 40 35 33
1494414952 113.897583 22.951263 28.50 0.75 0.87 14 41 40 35 33
1494414952 113.897581 22.951265 28.20 0.75 0.88 14 40 40 35 33
1494414954 113.897578 22.951266 27.90 0.79 0.88 14 40 40 35 33
1494414955 113.897580 22.951266 27.80 0.73 0.88 14 40 40 35 35
1494414956 113.897571 22.951258 28.10 0.74 0.87 14 40 40 36 35
1494414957 113.897565 22.951251 28.50 0.73 0.88 14 40 40 37 35
1494414958 113.897563 22.951250 28.80 0.73 0.87 14 40 40 36 35
1494414959 113.897563 22.951248 28.70 0.73 0.87 14 40 40 36 35
1494414960 113.897566 22.951243 28.60 0.73 0.87 14 40 40 36 35
1494414961 113.897568 22.951240 28.70 0.70 0.87 14 40 40 36 35
1494414962 113.897568 22.951241 28.80 0.70 0.86 14 40 40 36 35
1494414963 113.897571 22.951240 28.80 0.70 0.86 14 40 40 36 35
1494414964 113.897573 22.951241 28.70 0.82 0.86 14 40 40 36 35
1494414965 113.897580 22.951243 28.50 0.82 0.90 14 40 40 36 35
1494414966 113.897590 22.951248 28.30 0.82 0.90 14 40 40 36 35
1494414967 113.897593 22.951251 27.90 0.82 0.90 14 40 40 36 35
1494414968 113.897596 22.951250 27.60 0.79 0.90 14 40 40 36 35
1494414969 113.897596 22.951246 27.80 0.79 0.89 14 41 40 37 35
1494414970 113.897596 22.951243 27.90 0.79 0.89 14 41 40 37 35
1494414971 113.897598 22.951245 27.60 0.79 0.89 14 41 40 37 34
1494414972 113.897596 22.951243 27.70 0.79 0.89 14 41 40 37 33
1494414973 113.897596 22.951245 27.70 0.79 0.89 14 41 40 37 33
1494414974 113.897595 22.951245 27.70 0.79 0.89 14 41 40 37 33
1494414975 113.897593 22.951243 27.70 0.79 0.89 14 41 40 37 33
1494414976 113.897591 22.951241 27.80 0.79 0.89 14 41 40 37 33
1494414977 113.897590 22.951241 27.80 0.79 0.89 14 42 40 34 33
1494414978 113.897591 22.951240 27.80 0.79 0.89 14 42 40 34 33
1494414979 113.897590 22.951238 27.80 0.79 0.89 14 42 39 34 33
1494414980 113.897590 22.951238 27.80 0.74 0.89 14 42 39 34 33
1494414981 113.897590 22.951238 27.80 0.74 0.90 14 42 39 34 33
1494414982 113.897590 22.951238 27.80 0.74 0.90 14 42 39 34 33
1494414983 113.897590 22.951238 27.80 0.74 0.90 14 42 39 34 32
1494414984 113.897590 22.951238 27.80 0.81 0.90 14 42 39 34 32
1494414985 113.897590 22.951238 27.80 0.81 0.91 14 41 41 34 31
1494414986 113.897590 22.951238 27.80 0.81 0.91 14 41 40 34 32
1494414987 113.897590 22.951238 27.80 0.81 0.91 14 41 40 34 32
1494414988 113.897588 22.951238 27.80 0.85 0.91 14 41 40 34 32
1494414989 113.897591 22.951248 27.70 0.85 0.92 14 39 39 33 32
1494414990 113.897596 22.951258 27.50 0.85 0.92 14 38 38 33 32
1494414991 113.897610 22.951273 27.30 0.85 0.92 14 38 33 26 24
1494414992 113.897623 22.951288 27.10 0.87 0.92 14 38 33 26 24
1494414993 113.897638 22.951313 27.00 0.87 0.90 14 39 29 26 25
1494414994 113.897658 22.951333 26.80 0.87 0.90 14 48 39 29 26
1494414995 113.897675 22.951358 26.60 0.87 0.90 14 37 31 26 25
1494414996 113.897681 22.951393 26.50 1.14 0.90 14 37 31 26 25
1494414997 113.897696 22.951426 26.40 1.14 0.92 14 37 28 28 27
1494414998 113.897695 22.951460 26.30 1.14 0.92 14 37 28 28 28
1494414999 113.897688 22.951493 26.30 1.14 0.92 14 34 29 26 23
1494415000 113.897691 22.951521 26.30 1.15 0.92 14 34 29 26 23
1494415001 113.897690 22.951555 26.40 1.15 0.91 14 36 26 26 25
1494415002 113.897685 22.951578 26.40 1.15 0.91 14 36 31 26 26
1494415003 113.897685 22.951593 26.50 1.15 0.91 14 38 25 25 25
1494415004 113.897680 22.951595 26.60 1.35 0.91 14 38 25 25 25
1494415005 113.897665 22.951570 26.70 1.35 0.95 14 33 26 25 22
1494415006 113.897673 22.951563 26.70 8.97 0.95 14 46 39 33 25
1494415007 113.897683 22.951556 26.60 2.22 1.00 14 28 26 23 23
1494415008 113.897730 22.951555 26.90 1.38 0.94 13 27 25 25 19
1494415009 113.897785 22.951551 27.10 1.38 0.94 13 28 25 25 19
1494415010 113.897838 22.951548 27.30 1.43 0.94 13 28 27 22 19
1494415011 113.897878 22.951548 27.50 1.43 0.95 13 30 28 22 19
1494415012 113.897913 22.951550 27.60 1.43 0.95 13 28 27 20 17
1494415013 113.897955 22.951556 27.80 1.43 0.95 13 28 26 20 19
1494415014 113.897993 22.951565 28.10 1.38 0.95 13 30 27 20 19
1494415015 113.898026 22.951576 28.30 1.26 0.94 13 30 26 21 19
1494415016 113.898056 22.951588 28.60 1.05 0.92 14 28 26 25 23
1494415017 113.898103 22.951590 28.70 1.05 0.92 14 32 28 28 24
1494415018 113.898133 22.951605 28.80 1.05 0.92 14 51 32 29 25
1494415019 113.898158 22.951621 28.90 1.05 0.92 14 34 30 28 27
1494415020 113.898143 22.951623 28.00 0.88 0.92 14 35 30 28 26
1494415021 113.898136 22.951648 26.80 0.88 0.92 14 42 36 34 28
1494415022 113.898143 22.951660 26.50 0.88 0.92 14 52 46 36 33
1494415023 113.898145 22.951673 26.10 0.88 0.92 14 40 38 37 30
1494415024 113.898178 22.951661 24.90 0.80 0.92 14 40 38 37 30
1494415025 113.898183 22.951658 24.70 0.80 0.93 14 40 39 34 32
1494415026 113.898186 22.951656 24.50 0.80 0.93 14 44 40 34 32
1494415027 113.898190 22.951656 24.40 0.80 0.93 14 39 37 32 29
1494415028 113.898193 22.951653 24.20 0.78 0.93 14 38 37 32 29
1494415029 113.898196 22.951648 24.10 0.78 0.90 14 42 39 35 30
1494415030 113.898203 22.951638 23.90 0.78 0.90 14 42 40 35 30
1494415031 113.898211 22.951631 23.80 0.78 0.90 14 43 41 29 29
1494415032 113.898215 22.951625 23.70 0.87 0.90 14 43 42 29 29
1494415033 113.898218 22.951620 23.70 0.87 0.95 14 42 41 31 29
1494415034 113.898223 22.951615 23.60 0.87 0.95 14 42 41 31 29
1494415035 113.898220 22.951618 23.70 0.88 0.95 14 42 42 30 26
1494415036 113.898221 22.951623 24.10 0.77 0.94 14 42 42 30 26
1494415037 113.898223 22.951628 24.60 0.96 0.93 14 42 42 29 27
1494415038 113.898225 22.951630 25.00 0.80 0.97 14 42 42 30 25
1494415039 113.898226 22.951630 24.90 0.72 0.90 14 42 42 30 25
1494415040 113.898228 22.951630 24.90 0.72 0.88 14 43 42 30 27
1494415041 113.898231 22.951630 24.90 0.75 0.88 14 43 41 30 27
1494415042 113.898233 22.951626 25.10 0.70 0.86 14 43 41 30 26
1494415043 113.898235 22.951621 25.20 0.67 0.85 14 44 42 29 29
1494415044 113.898235 22.951613 25.10 0.89 0.84 14 44 42 28 28
1494415045 113.898233 22.951618 25.30 0.89 0.94 14 44 42 28 27
1494415046 113.898233 22.951613 25.30 0.89 0.94 14 44 42 28 27
1494415047 113.898231 22.951611 25.10 0.89 0.94 14 44 42 29 27
1494415048 113.898236 22.951606 25.00 0.76 0.94 14 44 42 29 27
1494415049 113.898238 22.951601 24.80 0.76 0.91 14 43 42 30 27
1494415050 113.898240 22.951598 24.70 0.76 0.91 14 52 42 35 31
1494415051 113.898241 22.951596 24.50 0.76 0.91 14 42 42 32 27
1494415052 113.898245 22.951593 24.50 0.85 0.91 14 42 42 32 27
1494415053 113.898246 22.951593 24.50 0.85 0.92 14 42 41 27 27
1494415054 113.898245 22.951588 24.40 0.85 0.92 14 42 41 27 27
1494415055 113.898243 22.951583 24.40 0.85 0.92 14 41 31 30 28
1494415056 113.898243 22.951588 24.40 0.85 0.92 14 41 31 30 28
1494415057 113.898243 22.951586 24.40 0.85 0.90 14 40 34 33 31
1494415058 113.898243 22.951590 24.50 0.85 0.90 14 39 34 34 31
1494415059 113.898243 22.951588 24.50 0.85 0.90 14 41 34 34 34
1494415060 113.898241 22.951590 24.60 0.72 0.90 14 42 34 34 34
1494415061 113.898241 22.951588 24.50 0.72 0.89 14 41 35 34 34
1494415062 113.898241 22.951590 24.50 0.72 0.89 14 40 36 34 34
1494415063 113.898240 22.951591 24.50 0.72 0.89 14 38 38 28 28
1494415064 113.898238 22.951591 24.50 0.84 0.89 14 39 37 28 28
1494415065 113.898238 22.951588 24.50 0.84 0.91 14 40 37 31 29
1494415066 113.898238 22.951586 24.50 0.84 0.91 14 40 37 31 29
1494415067 113.898236 22.951581 24.50 0.84 0.91 14 39 36 30 26
1494415068 113.898236 22.951580 24.50 0.92 0.91 14 39 36 30 26
1494415069 113.898236 22.951581 24.60 0.92 0.91 14 39 34 30 26
1494415070 113.898236 22.951581 24.60 0.92 0.91 14 39 33 30 30
1494415071 113.898235 22.951580 24.60 0.92 0.91 14 39 32 29 28
1494415072 113.898236 22.951576 24.60 0.75 0.91 14 39 32 29 28
1494415073 113.898236 22.951576 24.60 0.75 0.89 14 39 32 30 29
1494415074 113.898238 22.951576 24.70 0.75 0.89 14 39 32 30 29
1494415075 113.898236 22.951580 24.70 0.75 0.89 14 39 32 29 28
1494415076 113.898238 22.951580 24.70 0.83 0.89 14 39 32 29 28
1494415077 113.898236 22.951580 24.70 0.83 0.89 14 39 33 29 28
1494415078 113.898236 22.951580 24.60 0.83 0.89 14 39 33 29 29
1494415079 113.898236 22.951581 24.60 0.83 0.89 14 39 33 29 28
1494415080 113.898236 22.951581 24.60 0.75 0.89 14 39 33 29 28
1494415081 113.898236 22.951581 24.60 0.75 0.89 14 39 34 33 29
1494415082 113.898236 22.951581 24.60 0.75 0.89 14 39 35 33 29
1494415083 113.898236 22.951581 24.60 0.75 0.89 14 40 35 34 31
1494415084 113.898236 22.951581 24.60 0.83 0.89 14 41 35 34 30
1494415085 113.898236 22.951583 24.60 0.83 0.89 14 41 35 35 28
1494415086 113.898236 22.951585 24.60 0.83 0.89 14 41 35 35 27
1494415087 113.898236 22.951585 24.60 0.83 0.89 14 42 35 35 28
1494415088 113.898236 22.951585 24.60 0.84 0.89 14 42 35 35 29
1494415089 113.898236 22.951583 24.60 0.84 0.89 13 42 35 34 25
1494415090 113.898235 22.951580 24.60 0.84 0.89 13 42 35 34 25
1494415091 113.898233 22.951575 24.60 0.84 0.89 13 42 34 34 27
1494415092 113.898233 22.951578 24.60 0.83 0.89 13 42 34 33 28
1494415093 113.898235 22.951576 24.50 0.79 0.89 14 42 33 32 28
1494415094 113.898233 22.951573 24.80 0.84 0.89 14 40 34 29 28
1494415095 113.898231 22.951571 25.20 0.77 0.91 14 37 36 33 31
1494415096 113.898228 22.951571 25.70 0.77 0.86 14 37 31 28 26
1494415097 113.898226 22.951571 25.70 0.77 0.86 14 38 31 28 26
1494415098 113.898225 22.951571 26.00 0.75 0.86 14 39 30 28 28
1494415099 113.898225 22.951571 25.70 0.72 0.86 14 40 32 31 29
1494415100 113.898225 22.951571 25.60 0.66 0.86 14 40 31 31 30
1494415101 113.898223 22.951568 25.50 0.66 0.85 14 40 32 29 29
1494415102 113.898225 22.951565 25.30 0.66 0.85 14 41 32 29 28
1494415103 113.898221 22.951563 25.20 0.66 0.85 14 41 33 29 28
1494415104 113.898223 22.951561 25.00 0.87 0.85 14 41 33 29 28
1494415105 113.898223 22.951556 25.10 0.87 0.93 14 41 33 29 28
1494415106 113.898218 22.951551 24.90 0.87 0.93 14 41 33 28 28
1494415107 113.898213 22.951550 24.90 0.87 0.93 14 41 32 29 29
1494415108 113.898211 22.951551 25.00 0.87 0.93 14 41 32 29 29
1494415109 113.898205 22.951553 25.00 0.87 0.93 14 41 32 29 27
1494415110 113.898203 22.951553 25.00 0.87 0.93 14 41 32 29 26
1494415111 113.898203 22.951553 25.00 0.87 0.93 14 41 31 29 27
1494415112 113.898201 22.951550 25.00 0.84 0.93 14 41 31 29 28
1494415113 113.898203 22.951546 25.10 0.84 0.93 14 40 38 36 36
1494415114 113.898206 22.951546 25.00 0.84 0.93 14 40 38 36 36
1494415115 113.898211 22.951546 25.00 0.84 0.93 14 39 37 36 36
1494415116 113.898206 22.951548 25.10 0.81 0.93 14 38 37 36 36
1494415117 113.898210 22.951546 25.00 0.81 0.90 14 38 37 33 30
1494415118 113.898208 22.951546 25.00 0.81 0.90 14 38 38 33 29
1494415119 113.898210 22.951546 25.00 0.81 0.90 14 38 38 36 29
1494415120 113.898210 22.951546 25.00 0.86 0.90 14 38 38 36 29
1494415121 113.898211 22.951545 25.00 0.86 0.90 14 39 38 32 31
1494415122 113.898211 22.951545 25.00 0.86 0.90 14 40 38 32 32
1494415123 113.898211 22.951545 25.00 0.86 0.90 14 40 39 32 25
1494415124 113.898211 22.951545 25.00 0.92 0.90 14 41 38 32 25
1494415125 113.898211 22.951543 25.00 0.92 0.92 14 41 31 29 28
1494415126 113.898211 22.951546 25.00 0.92 0.92 14 41 31 29 28
1494415127 113.898211 22.951551 25.00 0.92 0.92 14 41 32 30 28
1494415128 113.898215 22.951550 25.00 0.92 0.92 14 41 32 30 28
1494415129 113.898216 22.951546 25.00 0.92 0.92 14 41 33 33 31
1494415130 113.898218 22.951543 25.00 0.92 0.92 14 41 34 33 31
1494415131 113.898220 22.951541 25.00 0.92 0.92 14 41 34 30 30
1494415132 113.898218 22.951543 25.00 0.97 0.92 14 41 34 31 29
1494415133 113.898218 22.951543 24.90 0.97 0.92 14 40 33 32 32
1494415134 113.898213 22.951540 24.90 0.97 0.92 14 40 33 33 32
1494415135 113.898208 22.951536 24.80 0.97 0.92 14 39 39 32 31
1494415136 113.898208 22.951536 24.70 0.87 0.92 14 39 39 31 30
1494415137 113.898211 22.951538 24.80 0.87 0.93 14 40 35 29 28
1494415138 113.898213 22.951536 24.80 0.87 0.93 14 40 35 28 27
1494415139 113.898213 22.951536 24.80 0.87 0.93 14 40 38 34 29
1494415140 113.898213 22.951543 24.80 0.84 0.93 14 40 38 33 29
1494415141 113.898216 22.951561 24.60 0.84 0.91 14 38 38 31 29
1494415142 113.898221 22.951581 24.40 0.84 0.91 14 38 37 30 29
1494415143 113.898230 22.951610 24.30 0.84 0.91 14 37 30 26 25
1494415144 113.898233 22.951648 24.20 1.86 0.91 14 37 30 26 25
1494415145 113.898231 22.951705 23.80 1.86 0.95 14 37 29 25 24
1494415146 113.898235 22.951746 23.90 1.86 0.95 14 51 29 25 24
1494415147 113.898233 22.951785 23.90 1.86 0.95 14 37 29 26 25
1494415148 113.898236 22.951815 23.90 1.34 0.95 14 37 29 26 26
1494415149 113.898226 22.951843 24.00 1.34 0.92 14 37 31 25 25
1494415150 113.898231 22.951870 23.90 1.34 0.92 14 52 34 32 25
1494415151 113.898240 22.951898 23.90 1.34 0.92 14 34 32 27 26
1494415152 113.898240 22.951921 23.80 1.34 0.92 14 34 32 27 27
1494415153 113.898223 22.951948 23.60 1.34 0.92 13 36 32 27 26
1494415154 113.898211 22.951968 23.50 1.34 0.92 13 48 38 32 27
1494415155 113.898208 22.951983 23.40 1.34 0.92 13 35 32 27 26
1494415156 113.898223 22.952013 23.40 1.52 0.92 13 35 32 27 26
1494415157 113.898243 22.952036 23.30 1.52 0.93 13 34 31 31 30
1494415158 113.898180 22.952066 23.30 1.52 0.93 13 34 31 30 30
1494415159 113.898150 22.952093 23.20 1.52 0.93 13 35 33 32 31
1494415160 113.898130 22.952098 23.30 0.88 0.93 13 35 33 31 31
1494415161 113.898126 22.952106 23.40 0.88 0.89 14 36 35 33 30
1494415162 113.898115 22.952106 23.70 0.88 0.89 14 41 36 35 34
1494415163 113.898101 22.952113 24.00 0.88 0.89 14 39 31 28 25
1494415164 113.898093 22.952116 24.10 1.03 0.89 14 38 32 28 25
1494415164 113.898103 22.952116 24.90 0.90 0.95 14 31 29 27 27
1494415166 113.898093 22.952123 24.90 0.90 0.92 14 30 30 29 28
1494415167 113.898040 22.952143 25.40 0.92 0.92 14 30 30 28 28
1494415168 113.898005 22.952140 25.60 0.91 0.92 14 35 33 29 26
1494415168 113.897973 22.952148 25.80 1.03 0.91 14 33 32 31 25
1494415170 113.897950 22.952166 26.30 1.03 0.94 14 32 32 25 25
1494415170 113.897933 22.952206 26.40 0.98 0.94 14 34 32 31 24
1494415172 113.897910 22.952233 26.80 0.98 0.92 14 33 32 31 24
1494415173 113.897890 22.952263 27.20 0.98 0.91 14 32 32 30 25
1494415174 113.897881 22.952286 27.40 0.98 0.91 14 32 31 29 25
1494415175 113.897870 22.952293 27.60 0.98 0.91 14 31 30 30 25
1494415176 113.897863 22.952288 27.60 1.17 0.91 14 31 31 30 25
1494415177 113.897853 22.952266 26.50 1.17 0.99 14 28 24 24 23
1494415178 113.897845 22.952280 25.20 1.17 0.99 14 35 28 24 23
1494415179 113.897818 22.952260 23.10 0.89 0.99 14 37 35 23 22
1494415180 113.897798 22.952255 23.00 0.81 0.91 14 39 32 29 25
1494415181 113.897781 22.952275 24.20 0.81 0.90 14 40 32 30 27
1494415182 113.897766 22.952271 24.50 0.81 0.90 14 49 40 32 30
1494415183 113.897741 22.952265 25.40 0.81 0.90 14 34 33 30 27
1494415184 113.897743 22.952268 26.20 0.99 0.90 14 34 33 30 27
1494415185 113.897725 22.952296 27.00 0.99 0.93 13 37 37 30 25
1494415186 113.897716 22.952313 27.80 0.99 0.93 13 49 46 37 30
1494415187 113.897711 22.952323 28.40 0.99 0.93 13 37 36 31 28
1494415188 113.897708 22.952325 28.60 1.06 0.93 13 37 36 31 28
1494415189 113.897705 22.952325 28.80 1.06 0.94 13 38 34 32 27
1494415190 113.897705 22.952321 29.00 1.06 0.94 13 39 34 32 27
1494415191 113.897705 22.952316 29.10 1.06 0.94 13 39 34 34 28
1494415192 113.897703 22.952318 29.00 0.96 0.94 13 39 34 34 28
1494415193 113.897705 22.952315 29.10 0.96 0.94 13 39 34 33 30
1494415194 113.897706 22.952311 29.20 0.96 0.94 13 39 34 33 30
1494415195 113.897705 22.952306 29.40 0.96 0.94 13 40 36 32 28
1494415196 113.897700 22.952308 29.60 1.02 0.94 13 40 36 31 28
1494415197 113.897695 22.952311 29.60 1.02 0.94 13 40 38 34 30
1494415198 113.897693 22.952311 29.70 1.02 0.94 13 40 38 33 30
1494415199 113.897690 22.952311 29.70 1.02 0.94 13 40 32 26 25
1494415200 113.897691 22.952305 29.70 0.92 0.94 13 40 33 25 25
1494415201 113.897693 22.952298 29.70 0.92 0.93 14 40 31 30 27
1494415202 113.897693 22.952293 29.70 0.92 0.93 14 40 31 30 28
1494415203 113.897690 22.952290 29.80 0.92 0.93 14 40 31 29 28
1494415204 113.897685 22.952286 29.90 1.09 0.93 14 40 31 29 28
1494415205 113.897680 22.952283 30.10 1.09 0.94 14 40 31 29 28
1494415206 113.897685 22.952285 30.20 1.09 0.94 14 40 31 29 28
1494415207 113.897690 22.952285 30.30 1.09 0.94 14 40 31 29 29
1494415208 113.897686 22.952285 30.30 1.02 0.94 14 40 31 30 30
1494415209 113.897691 22.952286 30.30 1.02 0.94 13 40 31 30 30
1494415210 113.897690 22.952286 30.30 1.02 0.94 13 40 31 30 30
1494415211 113.897688 22.952285 30.30 1.02 0.94 13 39 32 30 30
1494415212 113.897688 22.952283 30.30 0.94 0.94 13 39 32 30 30
1494415213 113.897688 22.952281 30.30 0.94 0.93 13 39 33 31 30
1494415214 113.897690 22.952281 30.30 0.94 0.93 13 39 33 31 30
1494415215 113.897691 22.952281 30.40 0.94 0.93 13 39 33 33 30
1494415216 113.897693 22.952283 30.40 1.04 0.93 13 39 33 33 30
1494415217 113.897690 22.952286 30.40 1.04 0.93 13 39 33 33 30
1494415218 113.897688 22.952286 30.50 1.04 0.93 13 39 33 33 30
1494415219 113.897688 22.952285 30.50 1.04 0.93 13 39 33 33 30
1494415220 113.897690 22.952280 30.50 1.16 0.93 13 39 33 33 30
1494415221 113.897693 22.952276 30.60 1.16 0.95 13 39 34 33 30
1494415222 113.897696 22.952271 30.60 1.16 0.95 13 39 34 33 30
1494415223 113.897700 22.952266 30.60 1.16 0.95 13 39 34 33 30
1494415224 113.897705 22.952261 30.70 1.16 0.95 13 39 34 33 30
1494415225 113.897701 22.952263 30.70 1.16 0.95 13 37 32 32 30
1494415226 113.897703 22.952260 30.70 1.16 0.95 13 36 31 31 30
1494415227 113.897706 22.952258 30.70 1.16 0.95 13 37 31 31 31
1494415228 113.897711 22.952255 30.70 0.98 0.95 13 37 32 31 31
1494415229 113.897716 22.952250 30.80 0.98 0.93 14 38 33 32 30
1494415230 113.897715 22.952253 30.70 0.98 0.93 14 38 34 32 29
1494415231 113.897713 22.952255 30.70 0.98 0.93 14 37 34 30 28
1494415232 113.897715 22.952256 30.60 1.11 0.93 14 36 34 29 27
1494415233 113.897715 22.952258 30.60 1.11 0.95 14 33 29 28 27
1494415234 113.897718 22.952258 30.60 1.11 0.95 14 32 29 28 27
1494415235 113.897716 22.952260 30.60 1.11 0.95 14 32 29 27 27
1494415236 113.897718 22.952260 30.60 1.01 0.95 14 32 29 27 26
1494415237 113.897720 22.952258 30.60 1.01 0.92 14 32 29 28 25
1494415238 113.897725 22.952255 30.60 1.01 0.92 14 32 29 28 25
1494415239 113.897730 22.952251 30.50 1.01 0.92 14 31 29 29 25
1494415240 113.897728 22.952253 30.50 0.88 0.92 14 31 29 29 25
1494415241 113.897731 22.952250 30.50 0.88 0.91 14 31 30 29 25
1494415242 113.897731 22.952251 30.50 0.88 0.91 14 31 30 29 25
1494415243 113.897733 22.952251 30.50 0.88 0.91 14 31 31 29 25
1494415244 113.897735 22.952251 30.50 1.04 0.91 14 31 31 29 25
1494415245 113.897736 22.952250 30.50 1.04 0.94 14 31 30 30 25
1494415246 113.897738 22.952248 30.60 1.04 0.94 14 31 31 30 25
1494415247 113.897741 22.952245 30.60 1.04 0.94 14 32 31 30 25
1494415248 113.897751 22.952240 30.60 0.84 0.94 14 32 31 29 25
1494415249 113.897760 22.952238 30.70 0.84 0.90 14 32 32 29 26
1494415250 113.897766 22.952231 30.70 0.84 0.90 14 32 32 29 27
1494415251 113.897773 22.952221 30.80 0.84 0.90 14 40 31 31 26
1494415252 113.897776 22.952215 31.00 0.97 0.90 14 40 32 31 25
1494415253 113.897780 22.952210 31.20 0.97 0.92 13 40 31 29 25
1494415254 113.897793 22.952196 31.40 0.97 0.92 13 40 30 28 25
1494415255 113.897783 22.952206 31.30 0.97 0.92 13 40 35 30 27
1494415256 113.897785 22.952206 31.40 0.98 0.92 13 40 35 30 27
1494415257 113.897788 22.952208 31.40 0.98 0.93 14 40 30 30 26
1494415258 113.897791 22.952208 31.40 0.98 0.93 14 40 30 30 26
1494415259 113.897796 22.952213 31.40 0.85 0.93 14 38 26 24 23
1494415260 113.897801 22.952213 31.50 1.18 0.90 14 37 34 28 28
1494415261 113.897806 22.952211 31.50 1.18 0.95 14 38 34 33 24
1494415262 113.897801 22.952200 31.60 1.18 0.95 14 39 34 33 24
1494415263 113.897796 22.952190 31.80 1.18 0.95 14 45 42 34 31
1494415264 113.897806 22.952190 31.80 0.84 0.95 14 45 42 34 31
1494415265 113.897801 22.952185 31.80 0.84 0.93 14 43 42 32 27
1494415266 113.897790 22.952183 31.80 0.84 0.93 14 52 44 32 27
1494415267 113.897791 22.952195 32.10 0.84 0.93 14 44 44 31 29
1494415268 113.897793 22.952211 32.20 1.11 0.93 14 44 44 30 29
1494415269 113.897800 22.952215 32.20 1.11 0.95 14 43 40 30 29
1494415270 113.897805 22.952220 32.30 1.11 0.95 14 45 43 31 30
1494415271 113.897810 22.952226 32.30 1.11 0.95 14 43 40 30 30
1494415272 113.897811 22.952233 32.30 0.99 0.95 14 43 40 30 29
1494415273 113.897811 22.952238 32.30 0.99 0.95 14 44 43 31 29
1494415274 113.897815 22.952245 32.30 0.99 0.95 14 45 43 32 29
1494415275 113.897820 22.952253 32.40 0.99 0.95 14 45 40 28 20
1494415276 113.897823 22.952258 32.40 1.52 0.95 14 45 40 28 20
1494415277 113.897823 22.952261 32.50 1.52 0.96 14 45 40 28 25
1494415278 113.897826 22.952265 32.40 1.52 0.96 14 45 40 28 25
1494415279 113.897828 22.952268 32.40 1.52 0.96 14 45 40 28 27
1494415280 113.897826 22.952275 32.50 1.77 0.96 14 45 40 28 27
1494415281 113.897825 22.952280 32.50 1.77 1.00 13 45 40 29 28
1494415282 113.897828 22.952286 32.50 1.77 1.00 13 45 40 29 28
1494415283 113.897830 22.952290 32.50 1.77 1.00 13 45 40 29 28
1494415284 113.897830 22.952293 32.50 2.18 1.00 13 45 40 29 28
1494415285 113.897825 22.952291 32.50 1.52 1.00 13 45 40 27 20
1494415286 113.897825 22.952283 32.60 1.52 0.96 13 38 38 37 31
1494415287 113.897806 22.952273 33.10 1.52 0.96 13 37 33 33 28
1494415288 113.897803 22.952270 33.20 1.52 0.96 13 36 33 33 28
1494415289 113.897780 22.952268 33.70 1.52 0.96 13 39 38 32 30
1494415290 113.897770 22.952273 34.10 1.52 0.96 13 39 39 32 31
1494415291 113.897761 22.952276 34.60 1.52 0.96 13 39 37 33 32
1494415292 113.897755 22.952278 34.70 1.52 0.96 13 39 37 33 33
1494415293 113.897751 22.952278 34.80 1.52 0.96 13 39 39 32 30
1494415294 113.897750 22.952276 34.90 1.52 0.96 13 39 39 31 30
1494415295 113.897751 22.952273 35.00 1.52 0.96 13 41 38 31 31
1494415296 113.897750 22.952276 35.00 1.52 0.96 13 41 37 31 31
1494415297 113.897753 22.952273 35.00 1.52 0.96 13 42 36 31 31
1494415298 113.897751 22.952275 35.00 1.52 0.96 13 42 35 31 31
1494415299 113.897756 22.952275 35.20 1.52 0.96 13 43 35 31 30
1494415300 113.897758 22.952276 35.50 1.12 0.96 13 43 35 31 29
1494415301 113.897761 22.952276 35.70 1.12 0.96 13 42 36 32 25
1494415302 113.897756 22.952278 35.90 1.12 0.96 13 42 37 33 25
1494415303 113.897751 22.952283 36.00 1.12 0.96 13 43 37 31 24
1494415304 113.897750 22.952280 36.20 1.39 0.96 13 43 37 30 23
1494415305 113.897745 22.952276 36.20 1.39 0.94 13 42 35 32 24
1494415306 113.897728 22.952276 36.30 1.39 0.94 13 42 34 33 24
1494415307 113.897715 22.952271 36.40 1.39 0.94 13 33 31 28 25
1494415308 113.897635 22.952276 36.50 1.07 0.94 13 32 30 28 25
1494415309 113.897605 22.952273 36.60 1.07 0.99 14 32 30 25 23
1494415310 113.897565 22.952281 36.70 1.07 0.99 14 35 32 30 29
1494415310 113.897521 22.952308 36.60 1.02 0.99 14 32 32 27 19
1494415312 113.897498 22.952318 36.50 0.96 0.92 14 35 35 31 22
1494415313 113.897471 22.952350 36.40 0.92 0.91 14 33 33 32 19
1494415314 113.897433 22.952375 36.40 0.92 0.90 14 33 30 30 25
1494415315 113.897396 22.952390 36.30 0.92 0.90 14 33 31 29 26
1494415316 113.897368 22.952390 36.30 0.92 0.90 14 33 31 29 26
1494415316 113.897333 22.952380 36.50 0.86 2.16 14 32 30 24 23
1494415318 113.897313 22.952365 36.60 0.86 0.89 14 30 30 25 24
1494415319 113.897290 22.952360 36.70 0.86 0.89 14 32 26 26 17
1494415320 113.897261 22.952365 36.80 1.32 0.89 14 33 27 26 17
1494415321 113.897238 22.952368 36.90 1.32 0.97 14 33 28 27 22
1494415322 113.897225 22.952400 36.70 0.93 0.97 14 33 28 27 22
1494415323 113.897215 22.952411 36.70 0.93 0.91 14 36 32 31 29
1494415324 113.897186 22.952416 36.70 0.78 0.91 14 31 31 29 29
1494415325 113.897158 22.952415 36.70 0.78 0.88 14 30 29 28 25
1494415326 113.897133 22.952406 36.60 0.78 0.88 14 30 29 27 25
1494415327 113.897091 22.952410 36.70 0.87 0.88 14 40 30 30 25
1494415328 113.897045 22.952418 36.80 0.75 0.88 14 37 30 27 25
1494415329 113.896966 22.952386 36.80 0.75 0.86 14 38 32 31 25
1494415330 113.896913 22.952363 36.60 0.75 0.86 14 38 33 29 25
1494415331 113.896870 22.952341 36.40 0.75 0.86 14 35 31 27 26
1494415332 113.896843 22.952358 35.90 0.93 0.86 14 35 31 27 26
1494415333 113.896781 22.952366 34.10 0.93 0.95 14 34 27 26 24
1494415334 113.896761 22.952355 33.70 0.93 0.95 14 47 34 27 26
1494415335 113.896761 22.952346 33.60 0.93 0.95 14 33 32 31 28
1494415336 113.896758 22.952346 33.50 1.00 0.95 14 33 32 31 28
1494415336 113.896748 22.952345 33.20 1.04 0.89 14 27 24 23 22
1494415338 113.896745 22.952338 33.20 0.91 0.93 14 29 22 21 20
1494415339 113.896740 22.952326 33.10 0.85 0.93 14 28 21 20 18
1494415340 113.896736 22.952313 33.00 0.85 0.91 14 33 30 29 22
1494415341 113.896735 22.952305 32.80 0.85 0.87 14 32 30 27 26
1494415342 113.896735 22.952310 33.00 0.85 0.87 14 32 30 27 26
1494415343 113.896738 22.952310 32.80 0.85 0.87 14 37 36 32 30
1494415344 113.896736 22.952310 32.70 0.86 0.87 14 37 36 32 30
1494415345 113.896738 22.952301 32.70 0.86 0.88 14 36 36 31 31
1494415346 113.896738 22.952298 32.70 0.86 0.88 14 52 36 31 31
1494415347 113.896740 22.952295 32.60 0.86 0.88 14 35 34 30 30
1494415348 113.896740 22.952291 32.60 0.79 0.88 14 35 34 30 30
1494415349 113.896741 22.952285 32.60 0.79 0.89 14 40 33 31 27
1494415350 113.896741 22.952283 32.60 0.79 0.89 14 40 32 32 27
1494415351 113.896743 22.952280 32.60 0.79 0.89 14 39 32 30 28
1494415352 113.896745 22.952276 32.60 0.94 0.89 14 39 32 29 28
1494415353 113.896748 22.952273 32.60 0.94 0.90 14 37 32 28 23
1494415354 113.896750 22.952265 32.60 0.94 0.90 14 37 32 28 23
1494415355 113.896753 22.952260 32.60 0.94 0.90 14 32 31 29 28
1494415356 113.896751 22.952263 32.60 0.76 0.90 14 32 31 29 28
1494415357 113.896753 22.952260 32.60 0.76 0.87 14 35 33 27 27
1494415358 113.896753 22.952258 32.70 0.76 0.87 14 35 33 27 26
1494415359 113.896750 22.952260 32.70 0.76 0.87 14 35 33 27 26
1494415360 113.896748 22.952260 32.80 0.72 0.87 14 35 33 27 26
1494415361 113.896750 22.952256 32.90 0.72 0.87 14 36 33 28 27
1494415362 113.896750 22.952255 32.90 0.72 0.87 14 36 33 28 27
1494415362 113.896750 22.952251 32.90 0.72 0.87 14 36 33 27 26
1494415364 113.896750 22.952245 33.00 0.72 0.87 14 36 34 28 25
1494415365 113.896753 22.952238 33.10 0.72 0.87 14 36 34 28 25
1494415366 113.896755 22.952233 33.20 0.74 0.87 14 36 34 28 26
1494415367 113.896758 22.952226 33.20 0.74 0.87 14 36 34 29 27
1494415368 113.896756 22.952231 33.20 0.74 0.87 14 36 34 30 26
1494415369 113.896756 22.952230 33.20 0.72 0.87 14 36 34 30 26
1494415370 113.896758 22.952228 33.20 0.72 0.87 14 36 33 29 26
1494415371 113.896758 22.952228 33.20 0.72 0.87 14 37 33 27 26
1494415372 113.896760 22.952228 33.20 0.79 0.87 14 31 28 27 27
1494415373 113.896760 22.952226 33.20 0.79 0.89 14 31 28 28 27
1494415374 113.896765 22.952230 33.20 0.79 0.89 14 31 28 28 27
1494415375 113.896775 22.952230 33.10 0.79 0.89 14 34 28 27 26
1494415376 113.896781 22.952200 33.20 0.83 0.89 14 34 28 27 26
1494415377 113.896786 22.952191 33.20 0.83 0.87 14 33 29 27 27
1494415378 113.896790 22.952183 33.20 0.83 0.87 14 32 30 27 27
1494415379 113.896795 22.952183 33.20 0.83 0.87 14 34 32 30 27
1494415380 113.896800 22.952181 33.10 0.90 0.87 14 35 33 30 28
1494415381 113.896801 22.952180 33.10 0.90 0.87 14 35 35 31 29
1494415382 113.896801 22.952178 33.10 0.90 0.87 14 36 35 31 29
1494415383 113.896801 22.952175 33.30 0.90 0.87 14 28 27 27 24
1494415384 113.896803 22.952175 33.50 1.00 0.87 14 28 26 26 24
1494415384 113.896800 22.952175 33.50 0.93 0.89 14 27 25 22 19
1494415386 113.896796 22.952166 33.50 0.93 0.88 14 27 27 26 24
1494415387 113.896795 22.952161 33.80 0.93 0.88 14 37 37 33 33
1494415388 113.896811 22.952156 34.20 0.83 0.88 14 37 37 33 33
1494415389 113.896828 22.952158 34.60 0.83 0.87 14 36 34 33 30
1494415390 113.896816 22.952160 34.60 0.83 0.87 14 35 34 33 30
1494415391 113.896830 22.952161 34.80 0.83 0.87 14 34 33 31 26
1494415392 113.896831 22.952163 34.80 0.91 0.87 14 34 33 31 26
1494415393 113.896831 22.952163 34.80 0.91 0.94 14 33 29 25 23
1494415394 113.896828 22.952165 34.80 0.91 0.94 14 33 29 25 23
1494415395 113.896826 22.952166 34.80 0.91 0.94 14 33 28 27 25
1494415396 113.896826 22.952165 34.80 0.83 0.94 14 33 28 27 25
1494415397 113.896825 22.952166 34.80 0.83 0.87 14 33 27 26 25
1494415398 113.896823 22.952166 34.80 0.83 0.87 14 33 27 26 25
1494415399 113.896821 22.952168 34.80 0.83 0.87 14 34 33 29 29
1494415400 113.896818 22.952170 34.80 0.91 0.87 14 35 33 29 29
1494415401 113.896815 22.952173 34.80 0.91 0.90 14 36 33 32 30
1494415402 113.896816 22.952171 34.80 0.91 0.90 14 37 33 31 30
1494415403 113.896813 22.952175 34.80 0.91 0.90 14 37 31 29 28
1494415404 113.896811 22.952175 34.80 0.83 0.90 14 37 31 30 29
1494415405 113.896811 22.952173 34.80 0.83 0.87 14 36 31 30 28
1494415406 113.896813 22.952173 34.80 0.83 0.87 14 36 31 30 28
1494415407 113.896815 22.952171 34.80 0.83 0.87 14 35 30 30 27
1494415408 113.896818 22.952173 34.80 0.97 0.87 14 34 30 30 27
1494415409 113.896820 22.952175 34.80 0.97 0.88 14 33 32 31 30
1494415410 113.896825 22.952178 34.80 0.97 0.88 14 32 32 31 30
1494415411 113.896828 22.952181 34.80 0.97 0.88 14 37 36 31 29
1494415412 113.896836 22.952176 34.80 1.21 0.88 14 37 36 30 29
1494415413 113.896845 22.952170 34.80 1.21 0.91 14 30 28 24 22
1494415414 113.896858 22.952166 34.70 1.21 0.91 14 30 28 24 22
1494415415 113.896866 22.952165 34.70 1.21 0.91 14 36 33 32 31
1494415416 113.896868 22.952168 34.70 0.94 0.91 14 36 33 32 31
1494415417 113.896870 22.952175 34.70 0.94 0.91 14 27 25 19 19
1494415418 113.896873 22.952185 34.80 0.94 0.91 14 27 25 19 19
1494415419 113.896880 22.952191 34.50 0.94 0.91 14 35 35 34 28
1494415420 113.896873 22.952186 34.10 0.87 0.91 14 35 35 34 28
1494415421 113.896863 22.952183 33.70 0.87 0.94 14 30 29 27 24
1494415422 113.896858 22.952190 33.30 0.87 0.94 14 30 29 27 24
1494415423 113.896855 22.952193 33.00 0.97 0.94 14 35 29 24 23
1494415424 113.896848 22.952191 33.00 0.87 0.90 14 35 34 31 29
1494415425 113.896853 22.952191 33.10 0.81 0.88 14 37 36 33 29
1494415426 113.896850 22.952193 32.90 0.81 0.87 14 38 37 37 30
1494415427 113.896851 22.952193 32.60 0.81 0.87 14 38 38 36 30
1494415428 113.896856 22.952190 32.40 0.97 0.87 14 38 38 36 30
1494415429 113.896866 22.952185 32.00 0.97 0.90 14 38 37 34 30
1494415430 113.896871 22.952183 31.70 0.97 0.90 14 38 36 34 30
1494415431 113.896875 22.952185 31.60 0.97 0.90 14 38 36 34 30
1494415432 113.896876 22.952186 31.40 1.02 0.90 14 38 36 34 30
1494415433 113.896875 22.952188 31.40 1.02 0.94 14 38 36 35 31
1494415434 113.896875 22.952186 31.40 1.02 0.94 14 38 36 35 31
1494415435 113.896875 22.952183 31.40 1.02 0.94 14 38 36 35 31
1494415436 113.896871 22.952185 31.40 0.97 0.94 14 38 36 35 31
1494415437 113.896873 22.952183 31.40 0.97 0.90 13 38 36 35 31
1494415438 113.896875 22.952181 31.40 0.97 0.90 13 38 36 35 31
1494415439 113.896876 22.952180 31.50 0.97 0.90 13 38 36 35 31
1494415440 113.896878 22.952178 31.50 1.04 0.90 13 38 36 35 31
1494415441 113.896878 22.952178 31.50 1.04 0.92 13 38 37 35 31
1494415442 113.896878 22.952178 31.50 1.04 0.92 13 38 37 35 31
1494415443 113.896878 22.952176 31.50 1.04 0.92 13 38 37 35 31
1494415444 113.896880 22.952176 31.50 0.95 0.92 13 38 37 35 31
1494415445 113.896880 22.952176 31.50 0.95 0.91 14 38 37 35 31
1494415446 113.896880 22.952176 31.50 0.95 0.91 14 38 37 35 31
1494415447 113.896881 22.952176 31.60 0.95 0.91 14 37 37 35 31
1494415448 113.896881 22.952176 31.60 1.17 0.91 14 37 37 35 31
1494415449 113.896881 22.952176 31.60 1.17 0.90 14 37 37 34 30
1494415450 113.896881 22.952176 31.60 1.17 0.90 14 37 37 33 29
1494415451 113.896881 22.952176 31.60 0.98 0.90 14 37 35 30 26
1494415452 113.896881 22.952176 31.60 1.09 0.88 14 37 35 29 28
1494415453 113.896881 22.952176 31.70 0.89 0.90 14 37 35 29 28
1494415454 113.896883 22.952176 31.80 0.89 0.88 14 37 35 29 28
1494415455 113.896885 22.952176 31.80 0.89 0.88 14 37 36 30 29
1494415456 113.896883 22.952175 31.80 0.80 0.88 14 37 36 30 29
1494415457 113.896878 22.952178 31.70 0.80 0.88 14 37 35 30 30
1494415458 113.896860 22.952181 31.50 0.84 0.88 14 37 29 28 27
1494415459 113.896840 22.952185 31.10 0.84 0.88 14 36 29 28 26
1494415460 113.896826 22.952183 30.80 0.84 0.88 14 36 30 26 24
1494415461 113.896818 22.952168 30.60 0.78 0.88 14 28 28 24 21
1494415462 113.896806 22.952140 30.30 0.86 0.90 14 27 22 20 19
1494415463 113.896796 22.952113 30.00 0.86 0.91 14 26 20 19 18
1494415464 113.896788 22.952085 29.70 0.90 0.91 14 25 18 17 17
1494415465 113.896781 22.952055 29.40 0.88 0.91 14 23 16 14 10
1494415466 113.896768 22.952028 29.00 1.48 0.91 14 23 17 14 9
1494415467 113.896778 22.951996 28.70 2.70 0.93 14 21 11 10 0
1494415468 0.000000 0.000000 0.00 0.00 0.94 14 14 7 0 0
1494415469 113.896788 22.951946 28.10 3.12 0.00 14 11 0 0 0
1494415470 113.896805 22.951916 27.80 3.12 1.00 14 14 0 0 0
1494415471 113.896808 22.951885 27.40 1.72 1.00 13 18 0 0 0
1494415472 113.896738 22.951805 26.80 1.72 0.94 13 23 0 0 0
1494415473 113.896723 22.951751 26.40 1.08 0.94 13 32 0 0 0
1494415474 113.896743 22.951731 26.10 1.03 0.92 13 25 20 20 19
1494415475 113.896716 22.951676 25.70 0.94 0.91 13 26 17 17 17
1494415476 113.896735 22.951681 26.00 0.85 0.91 13 27 22 20 19
1494415477 113.896770 22.951645 25.80 0.85 0.87 14 42 34 32 30
1494415478 113.896808 22.951603 25.60 0.85 0.87 14 35 32 29 25
1494415479 113.896851 22.951571 25.40 0.85 0.87 14 37 33 31 31
1494415480 113.896848 22.951555 25.10 1.31 0.87 14 38 33 31 30
1494415481 113.896843 22.951535 24.80 1.31 0.93 14 39 35 35 29
1494415482 113.896855 22.951500 24.40 1.14 0.93 14 39 35 35 29
1494415483 113.896870 22.951461 24.00 1.14 0.90 14 40 34 34 30
1494415484 113.896871 22.951421 24.30 0.87 0.90 14 39 32 30 29
1494415485 113.896853 22.951398 24.30 0.87 0.88 14 40 38 35 33
1494415486 113.896840 22.951370 24.40 0.87 0.88 14 52 41 38 35
1494415487 113.896830 22.951350 24.50 0.87 0.88 14 41 37 34 32
1494415488 113.896826 22.951326 25.00 1.04 0.88 14 41 37 33 32
1494415489 113.896825 22.951301 25.40 1.04 0.89 14 41 37 34 33
1494415490 113.896798 22.951285 25.60 1.04 0.89 14 52 41 37 35
1494415491 113.896776 22.951266 25.30 1.04 0.89 14 41 41 38 37
1494415492 113.896771 22.951248 25.10 0.90 0.89 14 41 41 38 37
1494415493 113.896770 22.951231 24.90 0.90 0.91 14 41 40 39 32
1494415494 113.896776 22.951215 24.70 0.90 0.91 14 41 39 39 32
1494415495 113.896781 22.951198 24.50 0.90 0.91 14 42 39 39 35
1494415496 113.896790 22.951220 24.20 1.15 0.91 14 42 39 39 35
1494415497 113.896795 22.951220 24.00 1.15 0.89 14 39 38 29 28
1494415498 113.896800 22.951223 23.80 1.15 0.89 14 41 39 38 29
1494415499 113.896805 22.951226 23.70 1.15 0.89 14 43 36 31 31
1494415500 113.896810 22.951231 23.50 0.82 0.89 14 43 36 31 31
1494415501 113.896815 22.951238 23.40 0.82 0.86 14 42 36 33 33
1494415502 113.896811 22.951240 23.30 0.82 0.86 14 42 36 34 33
1494415503 113.896810 22.951241 23.30 0.82 0.86 14 37 36 36 30
1494415504 113.896811 22.951245 23.20 0.88 0.86 14 37 36 36 30
1494415505 113.896815 22.951248 23.10 0.88 0.89 14 37 36 32 29
1494415506 113.896816 22.951251 23.10 0.88 0.89 14 37 36 32 30
1494415507 113.896818 22.951255 23.10 0.88 0.89 14 37 36 35 32
1494415508 113.896818 22.951251 23.00 0.84 0.89 14 37 36 35 33
1494415509 113.896815 22.951248 22.90 0.84 0.86 14 37 37 35 34
1494415510 113.896813 22.951245 22.70 0.84 0.86 14 37 37 35 34
1494415511 113.896810 22.951241 22.60 0.84 0.86 14 36 35 34 34
1494415512 113.896811 22.951241 22.50 0.85 0.86 14 36 35 34 34
1494415513 113.896813 22.951241 22.40 0.85 0.88 14 38 35 34 33
1494415514 113.896815 22.951245 22.40 0.85 0.88 14 38 35 34 33
1494415515 113.896816 22.951248 22.40 0.85 0.88 14 35 34 34 32
1494415516 113.896813 22.951253 22.40 0.75 0.88 14 35 34 34 31
1494415517 113.896811 22.951256 22.40 0.75 0.87 14 35 34 32 29
1494415518 113.896813 22.951261 22.50 0.75 0.87 14 36 34 32 29
1494415519 113.896811 22.951268 22.60 0.75 0.87 14 37 33 32 30
1494415520 113.896816 22.951263 22.70 1.02 0.87 14 38 34 31 31
1494415521 113.896823 22.951258 22.80 1.02 0.86 14 37 37 34 32
1494415522 113.896830 22.951253 23.00 1.02 0.86 14 37 37 34 33
1494415523 113.896840 22.951251 23.10 1.02 0.86 14 37 35 34 33
1494415524 113.896855 22.951251 23.30 1.18 0.86 14 37 36 35 33
1494415525 113.896846 22.951250 23.20 1.18 0.88 14 37 36 35 32
1494415526 113.896853 22.951251 23.30 1.18 0.88 14 37 36 34 33
1494415527 113.896851 22.951250 23.30 1.18 0.88 14 38 35 34 32
1494415528 113.896853 22.951250 23.30 0.86 0.88 14 39 35 32 30
1494415529 113.896856 22.951251 23.30 0.86 0.87 14 40 35 31 28
1494415530 113.896855 22.951250 23.30 0.86 0.87 14 40 35 31 27
1494415531 113.896855 22.951250 23.30 0.86 0.87 14 40 36 31 27
1494415532 113.896858 22.951248 23.30 1.05 0.87 14 40 36 31 27
1494415533 113.896866 22.951251 23.40 1.05 0.88 15 40 30 29 29
1494415534 113.896873 22.951255 23.40 1.05 0.88 15 40 30 30 29
1494415535 113.896868 22.951251 23.40 1.05 0.88 15 40 36 30 30
1494415536 113.896873 22.951255 23.40 0.84 0.88 15 40 36 31 31
1494415537 113.896870 22.951255 23.40 0.84 0.85 15 40 38 36 35
1494415538 113.896871 22.951258 23.30 0.84 0.85 15 40 39 36 35
1494415539 113.896870 22.951256 23.20 0.84 0.85 15 40 39 37 35
1494415540 113.896873 22.951258 23.30 1.25 0.85 15 40 39 37 36
1494415541 113.896871 22.951256 23.30 1.25 0.92 15 40 39 38 36
1494415542 113.896875 22.951256 23.20 1.25 0.92 15 40 39 37 36
1494415543 113.896875 22.951260 23.20 1.25 0.92 15 40 38 36 35
1494415544 113.896876 22.951260 23.10 1.35 0.92 15 40 38 35 34
1494415545 113.896878 22.951261 23.10 1.35 0.92 15 40 38 35 35
1494415546 113.896881 22.951265 23.10 1.35 0.92 15 40 38 36 35
1494415547 113.896886 22.951266 23.10 1.35 0.92 15 36 31 31 30
1494415548 113.896886 22.951266 23.10 0.87 0.92 15 37 31 30 30
1494415549 113.896886 22.951265 23.20 0.87 0.88 15 37 30 30 30
1494415550 113.896888 22.951265 23.20 0.87 0.88 15 37 31 30 30
1494415551 113.896893 22.951265 23.30 0.87 0.88 15 37 32 31 30
1494415552 113.896893 22.951263 23.30 0.87 0.88 15 37 32 32 30
1494415553 113.896891 22.951263 23.30 0.87 0.88 15 37 32 30 30
1494415554 113.896891 22.951263 23.40 0.87 0.88 15 37 33 30 30
1494415555 113.896893 22.951265 23.50 0.87 0.88 15 38 34 29 29
1494415556 113.896893 22.951265 23.60 0.85 0.88 15 38 34 29 29
1494415557 113.896893 22.951265 23.70 0.85 0.86 15 38 34 30 29
1494415558 113.896903 22.951273 23.90 0.85 0.86 15 38 34 30 29
1494415559 113.896911 22.951276 24.30 0.85 0.86 15 40 37 36 36
