YF_GPS:5:10:12:27
1494419231 0.000000 0.000000 0.00 0.00 0.00 0 0 0 0 0
speed:-1.000000, dis=0.000000
$GPGSA,A,1,,,,,,,,,,,,,,,*1E
$GLGSA,A,1,,,,,,,,,,,,,,,*02
$GPGSV,4,1,14,27,81,129,,23,52,291,,08,49,203,,16,47,010,*72
$GPGSV,4,2,14,26,30,040,,31,25,102,,09,22,315,,193,14,162,*4A
$GPGSV,4,3,14,03,10,234,,14,09,154,,22,08,208,,21,08,063,*7C
$GPGSV,4,4,14,11,06,196,,07,02,308,*7A
$GLGSV,3,1,10,82,58,101,,80,36,351,,83,29,173,,70,28,273,*65
$GLGSV,3,2,10,81,27,040,,79,26,062,,69,19,213,,73,10,307,*65
$GLGSV,3,3,10,71,08,320,,78,02,091,*6E
$GNRMC,042729.158,V,,,,,0.00,0.00,100517,,,N*57
$GNVTG,0.00,T,,M,0.0remove event C
remove event 22
