1487318364 0.000000 0.000000 0.00 0.00 0.00 0 0 0 0 0
-823213731 0.000000 0.000000 0.00 0.00 0.00 0 0 0 0 0
-823213730 0.000000 0.000000 0.00 0.00 0.00 1 34 0 0 0
-823213729 0.000000 0.000000 0.00 0.00 0.00 1 29 0 0 0
-823213728 0.000000 0.000000 0.00 0.00 0.00 1 30 0 0 0
-823213727 0.000000 0.000000 0.00 0.00 0.00 1 25 0 0 0
-823213726 0.000000 0.000000 0.00 0.00 0.00 1 24 0 0 0
-823213725 0.000000 0.000000 0.00 0.00 0.00 1 31 0 0 0
-823213724 0.000000 0.000000 0.00 0.00 0.00 2 35 30 0 0
-823213723 0.000000 0.000000 0.00 0.00 0.00 2 36 31 0 0
-823213722 0.000000 0.000000 0.00 0.00 0.00 2 33 29 0 0
1487318364 0.000000 0.000000 0.00 0.00 0.00 0 0 0 0 0
-823213731 0.000000 0.000000 0.00 0.00 0.00 0 0 0 0 0
-823213730 0.000000 0.000000 0.00 0.00 0.00 1 28 0 0 0
-823213729 0.000000 0.000000 0.00 0.00 0.00 2 38 34 0 0
-823213728 0.000000 0.000000 0.00 0.00 0.00 2 36 34 0 0
-823213727 0.000000 0.000000 0.00 0.00 0.00 3 37 36 21 0
-823213726 0.000000 0.000000 0.00 0.00 0.00 3 38 38 32 0
-823213725 0.000000 0.000000 0.00 0.00 0.00 3 38 36 27 0
-823213724 0.000000 0.000000 0.00 0.00 0.00 3 37 36 25 0
-823213723 0.000000 0.000000 0.00 0.00 0.00 3 37 35 30 0
-823213722 0.000000 0.000000 0.00 0.00 0.00 3 36 35 32 0
-823213721 0.000000 0.000000 0.00 0.00 0.00 3 36 35 31 0
-823213721 0.000000 0.000000 0.00 0.00 0.00 3 36 35 32 0
-823213720 0.000000 0.000000 0.00 0.00 0.00 3 36 35 33 0
-823269609 0.000000 0.000000 0.00 0.00 0.00 3 36 34 33 0
-822837608 0.000000 0.000000 0.00 0.00 0.00 3 36 33 32 0
-822837607 0.000000 0.000000 0.00 0.00 0.00 3 36 34 31 0
-822837606 0.000000 0.000000 0.00 0.00 0.00 3 37 35 31 0
-822837605 0.000000 0.000000 0.00 0.00 0.00 3 31 28 25 0
-822837604 0.000000 0.000000 0.00 0.00 0.00 3 31 30 25 0
-822837604 0.000000 0.000000 0.00 0.00 0.00 3 39 33 31 0
-822837603 0.000000 0.000000 0.00 0.00 0.00 3 39 33 31 0
-822837602 0.000000 0.000000 0.00 0.00 0.00 3 38 33 33 0
-822837601 0.000000 0.000000 0.00 0.00 0.00 3 37 34 33 0
-822837600 0.000000 0.000000 0.00 0.00 0.00 3 37 35 33 0
-822837599 0.000000 0.000000 0.00 0.00 0.00 3 36 36 33 0
-822837598 0.000000 0.000000 0.00 0.00 0.00 3 36 35 34 0
-822837597 0.000000 0.000000 0.00 0.00 0.00 3 37 35 34 0
-822837596 0.000000 0.000000 0.00 0.00 0.00 3 37 35 33 0
-822837595 0.000000 0.000000 0.00 0.00 0.00 3 37 35 33 0
-822837594 0.000000 0.000000 0.00 0.00 0.00 4 37 35 34 33
-822837593 0.000000 0.000000 0.00 0.00 0.00 4 37 35 33 30
-822837592 0.000000 0.000000 0.00 0.00 0.00 4 37 35 33 30
-822837591 0.000000 0.000000 0.00 0.00 0.00 4 37 34 33 30
-822837590 0.000000 0.000000 0.00 0.00 0.00 4 37 35 34 32
-822837589 0.000000 0.000000 0.00 0.00 0.00 4 38 35 33 22
-822837588 0.000000 0.000000 0.00 0.00 0.00 4 38 33 24 22
-822837587 0.000000 0.000000 0.00 0.00 0.00 4 38 34 33 22
-822837586 0.000000 0.000000 0.00 0.00 0.00 4 38 35 33 30
1487262511 0.000000 0.000000 0.00 0.00 0.00 4 39 37 33 23
1487262512 0.000000 0.000000 0.00 0.00 0.00 4 38 38 34 31
1487262513 0.000000 0.000000 0.00 0.00 0.00 4 38 35 30 29
1487262514 0.000000 0.000000 0.00 0.00 0.00 5 37 36 32 31
1487262515 0.000000 0.000000 0.00 0.00 0.00 5 37 36 36 31
1487262516 0.000000 0.000000 0.00 0.00 0.00 5 38 37 36 32
1487262516 0.000000 0.000000 0.00 0.00 0.00 5 38 33 32 28
1487262517 0.000000 0.000000 0.00 0.00 0.00 5 38 35 34 27
1487262518 0.000000 0.000000 0.00 0.00 0.00 5 42 38 34 30
1487262519 0.000000 0.000000 0.00 0.00 0.00 5 42 38 36 30
1487262520 0.000000 0.000000 0.00 0.00 0.00 5 42 37 37 30
1487262521 0.000000 0.000000 0.00 0.00 0.00 5 41 38 36 30
1487262522 0.000000 0.000000 0.00 0.00 0.00 5 41 39 36 30
1487262522 0.000000 0.000000 0.00 0.00 0.00 5 40 39 35 30
1487262523 0.000000 0.000000 0.00 0.00 0.00 5 39 39 35 30
1487262524 0.000000 0.000000 0.00 0.00 0.00 5 40 37 35 31
1487262525 0.000000 0.000000 0.00 0.00 0.00 5 40 35 31 29
1487262526 0.000000 0.000000 0.00 0.00 0.00 5 40 35 31 29
1487262527 0.000000 0.000000 0.00 0.00 0.00 5 41 36 31 30
1487262528 0.000000 0.000000 0.00 0.00 0.00 5 41 36 31 29
1487262528 0.000000 0.000000 0.00 0.00 0.00 5 41 36 31 27
1487262529 0.000000 0.000000 0.00 0.00 0.00 5 41 36 31 26
1487262530 0.000000 0.000000 0.00 0.00 0.00 6 41 36 31 28
1487262531 0.000000 0.000000 0.00 0.00 0.00 6 40 36 31 27
1487262532 0.000000 0.000000 0.00 0.00 0.00 6 40 37 34 31
1487262533 0.000000 0.000000 0.00 0.00 0.00 7 40 37 36 33
1487262534 0.000000 0.000000 0.00 0.00 0.00 7 40 38 35 32
1487262534 0.000000 0.000000 0.00 0.00 0.00 7 39 38 36 34
1487262535 0.000000 0.000000 0.00 0.00 0.00 7 38 38 33 32
1487262536 0.000000 0.000000 0.00 0.00 0.00 7 38 38 34 32
1487262537 0.000000 0.000000 0.00 0.00 0.00 7 38 38 35 31
1487262538 0.000000 0.000000 0.00 0.00 0.00 7 38 37 35 31
1487262539 0.000000 0.000000 0.00 0.00 0.00 7 38 37 35 31
1487262540 0.000000 0.000000 0.00 0.00 0.00 7 38 37 35 31
1487262541 0.000000 0.000000 0.00 0.00 0.00 7 38 37 35 31
1487262543 0.000000 0.000000 0.00 0.00 0.00 8 38 38 35 33
1487262544 113.896696 22.950863 153.60 2.76 0.00 8 38 38 36 31
1487262545 113.896705 22.950868 153.60 2.76 1.00 8 38 38 36 31
1487262546 113.896711 22.950873 153.60 2.76 1.00 8 38 38 36 31
1487262546 113.896741 22.950920 152.70 2.14 1.00 8 38 37 36 31
1487262548 113.896788 22.951148 81.00 2.14 0.99 8 37 37 35 31
1487262549 113.896785 22.951166 69.90 2.14 0.99 8 38 37 37 36
1487262550 113.896776 22.951166 64.40 2.14 0.99 8 37 37 37 36
1487262551 113.896776 22.951158 62.50 2.14 0.99 8 38 36 36 36
1487262552 113.896790 22.951175 56.30 2.14 0.99 8 38 36 36 35
1487262553 113.896766 22.951190 47.10 1.33 0.99 8 38 35 35 35
1487262554 113.896756 22.951176 51.50 1.33 0.95 8 39 36 35 35
1487262555 113.896771 22.951200 49.80 1.33 0.95 8 39 36 36 35
1487262556 113.896760 22.951185 51.10 1.79 0.95 8 39 36 36 35
1487262557 113.896761 22.951201 50.30 1.33 2.95 8 39 36 36 35
1487262558 113.896761 22.951211 48.20 1.32 0.95 8 39 36 36 35
1487262559 113.896765 22.951213 47.10 1.32 0.95 8 39 36 36 35
1487262560 113.896758 22.951201 45.90 1.33 0.95 8 39 36 36 36
1487262561 113.896760 22.951196 44.70 1.79 0.95 8 39 37 37 36
1487262562 113.896763 22.951211 42.00 1.32 2.95 8 39 37 37 35
1487262563 113.896761 22.951203 38.80 1.32 0.95 8 39 37 37 35
1487262564 113.896758 22.951201 39.00 1.32 0.95 8 39 37 36 34
1487262565 113.896761 22.951206 37.70 1.32 0.95 8 39 37 35 34
1487262566 113.896743 22.951193 42.90 1.32 0.95 8 39 37 34 34
1487262567 113.896741 22.951190 41.50 1.32 0.95 8 39 37 34 34
1487262568 113.896748 22.951176 44.70 1.32 0.95 8 39 37 34 34
1487262569 113.896735 22.951153 49.30 1.32 0.95 8 39 37 34 34
1487262570 113.896736 22.951146 53.20 1.32 0.95 8 38 37 34 33
1487262571 113.896750 22.951163 52.70 1.78 0.95 8 38 37 34 33
1487262572 113.896738 22.951146 52.10 1.78 2.94 8 37 36 35 30
1487262573 113.896730 22.951125 51.60 1.78 2.94 8 37 37 36 28
1487262574 113.896720 22.951100 51.00 1.78 2.94 8 38 37 36 29
1487262575 113.896711 22.951073 50.60 1.78 2.94 8 38 37 37 28
1487262576 113.896701 22.951048 50.10 1.78 2.94 8 39 38 37 29
1487262577 113.896691 22.951023 49.50 1.78 2.94 8 40 38 38 29
1487262578 113.896683 22.951000 49.10 1.78 2.94 8 39 37 29 29
1487262579 113.896676 22.950976 48.70 1.32 2.94 8 38 38 37 29
1487262580 113.896671 22.950950 48.30 1.78 0.95 8 38 36 30 30
1487262581 113.896666 22.950921 47.70 1.78 2.94 8 39 37 35 30
1487262582 113.896663 22.950888 47.30 1.32 2.94 8 39 35 35 30
1487262583 113.896658 22.950853 46.80 1.78 0.95 8 39 38 35 35
1487262584 113.896653 22.950818 46.40 1.78 2.94 8 38 35 35 28
1487262585 113.896651 22.950786 46.10 1.78 2.94 8 35 35 35 31
1487262586 113.896651 22.950758 45.90 1.78 2.94 8 36 36 33 27
1487262587 113.896651 22.950731 45.50 1.78 2.94 8 37 36 34 27
1487262588 113.896650 22.950703 45.10 1.78 2.94 8 35 35 35 27
1487262589 113.896643 22.950675 44.90 1.32 2.94 8 36 36 35 29
1487262590 113.896633 22.950645 44.80 1.78 0.95 8 37 36 34 29
1487262591 113.896621 22.950618 44.80 1.32 2.94 8 37 36 35 29
1487262592 113.896605 22.950590 44.80 1.78 0.95 8 38 37 36 31
1487262593 113.896585 22.950563 44.90 1.78 2.94 8 38 37 37 30
1487262594 113.896558 22.950540 45.00 1.77 2.94 8 38 38 38 30
1487262595 113.896528 22.950523 44.80 1.78 2.94 8 39 37 37 30
1487262596 113.896501 22.950503 44.60 1.78 2.94 8 39 37 37 36
1487262597 113.896471 22.950485 44.30 1.78 2.94 8 39 38 37 29
1487262598 113.896450 22.950466 44.70 1.78 2.94 8 39 38 37 37
1487262599 113.896433 22.950448 44.90 1.77 2.94 8 38 38 37 29
1487262600 113.896423 22.950441 45.10 1.77 2.94 8 38 37 35 29
1487262601 113.896415 22.950436 45.30 1.32 2.94 8 37 36 36 33
1487262602 113.896408 22.950431 45.40 1.32 0.95 8 39 38 36 36
1487262603 113.896400 22.950428 45.50 1.32 0.95 8 38 37 36 36
1487262604 113.896396 22.950425 45.50 1.32 0.95 8 37 37 36 36
1487262605 113.896393 22.950423 45.50 1.32 0.95 8 37 37 36 35
1487262606 113.896391 22.950420 45.40 1.32 0.95 8 37 37 36 34
1487262607 113.896390 22.950418 45.40 1.32 0.95 8 39 37 36 34
1487262608 113.896390 22.950416 45.40 1.32 0.95 8 39 37 37 34
1487262609 113.896390 22.950413 45.40 1.32 0.95 8 37 36 35 29
1487262610 113.896390 22.950410 45.40 1.32 0.95 8 36 35 34 29
1487262611 113.896391 22.950405 45.40 1.32 0.95 8 37 34 33 25
1487262612 113.896391 22.950401 45.40 1.32 0.95 8 37 34 32 25
1487262613 113.896393 22.950400 45.40 1.32 0.95 8 36 35 35 33
1487262614 113.896395 22.950398 45.40 1.32 0.95 8 36 36 34 34
1487262615 113.896395 22.950398 45.40 1.32 0.95 8 38 36 35 32
1487262616 113.896395 22.950398 45.40 1.32 0.95 8 39 36 35 32
1487262617 113.896395 22.950400 45.40 1.77 0.95 8 38 38 36 36
1487262618 113.896395 22.950401 45.40 1.77 2.94 8 39 38 36 35
1487262619 113.896395 22.950403 45.50 1.77 2.93 8 40 37 36 36
1487262620 113.896395 22.950405 45.50 1.77 2.94 8 39 37 36 35
1487262621 113.896396 22.950406 45.50 1.32 2.93 8 39 36 36 35
1487262622 113.896398 22.950408 45.50 1.32 0.95 8 39 36 36 35
1487262623 113.896398 22.950410 45.50 1.77 0.95 8 39 36 36 35
1487262624 113.896398 22.950411 45.50 1.77 2.93 8 39 36 35 35
1487262625 113.896398 22.950413 45.50 1.32 2.93 8 39 36 35 35
1487262626 113.896398 22.950413 45.50 1.32 0.95 8 39 36 35 35
1487262627 113.896400 22.950413 45.50 1.32 0.95 8 36 35 35 35
1487262628 113.896400 22.950415 45.50 1.48 0.95 8 36 35 35 35
1487262629 113.896400 22.950415 45.50 1.48 0.95 8 38 37 36 35
1487262630 113.896400 22.950415 45.50 1.48 0.95 8 38 37 36 35
1487262631 113.896401 22.950413 45.50 1.48 0.95 8 37 37 36 35
1487262632 113.896401 22.950411 45.50 1.31 0.95 8 37 36 36 35
1487262633 113.896408 22.950398 45.50 1.31 0.95 8 39 37 36 36
1487262634 113.896413 22.950378 45.20 1.31 0.95 8 39 37 37 36
1487262635 113.896416 22.950356 45.10 1.31 0.95 8 38 36 35 32
1487262636 113.896430 22.950333 45.00 1.76 0.95 8 38 36 34 33
1487262637 113.896445 22.950310 44.90 1.76 2.93 8 38 36 32 31
1487262638 113.896466 22.950296 44.80 1.76 2.93 8 38 36 31 31
1487262639 113.896488 22.950280 44.80 1.76 2.93 8 37 36 33 29
1487262640 113.896508 22.950280 44.80 1.31 2.93 8 36 36 34 28
1487262641 113.896530 22.950283 44.80 1.76 0.95 8 36 35 35 26
1487262642 113.896558 22.950288 44.80 1.76 2.93 8 37 33 32 26
1487262643 113.896590 22.950296 44.80 1.76 2.93 8 37 32 27 26
1487262644 113.896623 22.950300 44.70 1.76 2.93 8 36 31 31 24
1487262645 113.896651 22.950300 44.80 1.76 2.93 8 36 30 29 26
1487262646 113.896683 22.950298 44.70 1.76 2.93 8 37 31 30 26
1487262647 113.896715 22.950293 44.80 1.76 2.93 8 37 31 28 25
1487262648 113.896743 22.950288 44.90 1.76 2.93 8 37 29 28 25
1487262649 113.896763 22.950281 44.90 1.76 2.93 8 36 28 28 26
1487262650 113.896793 22.950280 45.30 1.31 2.93 8 37 29 29 26
1487262651 113.896830 22.950276 45.40 1.76 0.95 8 37 30 29 27
1487262652 113.896865 22.950275 45.60 1.31 2.93 8 37 29 28 28
1487262653 113.896905 22.950270 45.60 1.76 0.95 8 37 30 29 27
1487262654 113.896933 22.950266 46.10 1.76 2.93 8 37 29 28 27
1487262655 113.896968 22.950253 46.60 1.76 2.93 8 37 30 29 26
1487262656 113.897001 22.950240 47.00 1.76 2.93 8 38 38 36 29
1487262657 113.897035 22.950231 47.20 1.76 2.93 8 39 37 36 30
1487262658 113.897063 22.950223 47.80 1.76 2.93 8 40 36 36 31
1487262659 113.897093 22.950221 48.10 1.76 2.93 8 39 36 35 32
1487262660 113.897120 22.950218 48.30 1.76 2.93 8 39 36 35 33
1487262661 113.897145 22.950215 48.50 1.76 2.93 8 39 35 35 34
1487262662 113.897173 22.950208 48.40 1.76 2.93 8 39 35 35 34
1487262663 113.897203 22.950200 48.40 1.76 2.93 8 38 35 34 34
1487262664 113.897231 22.950200 48.30 1.31 2.93 8 38 35 35 33
1487262665 113.897260 22.950198 48.30 1.31 0.95 8 38 33 33 26
1487262666 113.897283 22.950201 48.30 1.31 0.95 8 38 33 31 26
1487262667 113.897308 22.950203 48.30 1.31 0.95 8 39 35 34 30
1487262668 113.897333 22.950205 48.30 1.75 0.95 8 40 36 36 34
1487262669 113.897353 22.950206 48.30 1.75 2.93 8 40 34 33 26
1487262670 113.897376 22.950218 48.20 1.75 2.93 8 40 33 32 26
1487262671 113.897400 22.950226 48.30 1.75 2.93 8 40 32 32 27
1487262672 113.897428 22.950231 48.30 1.75 2.93 8 40 32 31 27
1487262673 113.897453 22.950233 48.30 1.75 2.93 8 39 30 30 28
1487262674 113.897475 22.950235 48.30 1.75 2.93 8 39 30 30 27
1487262675 113.897501 22.950238 48.20 1.75 2.93 8 40 33 32 32
1487262676 113.897525 22.950231 48.30 1.31 2.93 8 40 33 33 32
1487262677 113.897555 22.950228 48.20 1.75 0.95 8 40 34 33 28
1487262678 113.897578 22.950230 48.30 1.31 2.93 8 40 34 31 29
1487262679 113.897605 22.950233 48.50 1.75 0.95 8 40 39 35 30
1487262680 113.897638 22.950236 48.60 1.75 2.93 8 40 38 35 31
1487262681 113.897666 22.950233 48.70 1.75 2.92 8 40 36 34 27
1487262682 113.897696 22.950235 48.80 1.31 2.92 8 40 36 35 30
1487262683 113.897731 22.950236 49.00 1.75 0.95 8 39 34 29 27
1487262684 113.897763 22.950236 49.10 1.75 2.92 8 40 28 27 27
1487262685 113.897796 22.950230 49.00 1.75 2.92 8 40 36 35 28
1487262686 113.897823 22.950228 49.10 1.75 2.92 8 39 33 30 28
1487262687 113.897845 22.950225 49.20 1.75 2.92 8 39 33 29 28
1487262688 113.897865 22.950205 49.30 1.31 2.92 8 39 33 29 27
1487262689 113.897888 22.950186 49.30 1.31 0.95 8 38 35 29 27
1487262690 113.897910 22.950176 49.30 1.31 0.95 8 38 35 30 26
1487262691 113.897928 22.950166 49.30 1.31 0.95 8 37 34 31 25
1487262692 113.897953 22.950165 49.30 1.31 0.95 8 37 33 32 25
1487262693 113.897975 22.950156 49.30 1.31 0.95 8 38 33 31 26
1487262694 113.897985 22.950155 49.40 1.31 0.95 8 38 33 31 27
1487262695 113.897993 22.950156 49.60 1.31 0.95 8 39 36 33 32
1487262696 113.897995 22.950151 49.50 1.31 0.95 8 40 36 34 31
1487262697 113.897993 22.950145 49.60 1.31 0.95 8 33 32 30 26
1487262698 113.897995 22.950140 49.60 1.31 0.95 8 34 33 32 30
1487262699 113.897995 22.950133 49.60 1.31 0.95 8 34 29 27 25
1487262700 113.897995 22.950130 49.70 1.30 0.95 8 33 29 27 26
1487262701 113.897996 22.950130 49.90 1.30 0.95 8 34 27 27 26
1487262702 113.898000 22.950128 50.00 1.30 0.95 8 35 35 28 27
1487262703 113.897996 22.950126 50.00 1.47 0.95 8 36 34 28 27
1487262704 113.898000 22.950125 50.10 1.30 0.95 8 37 33 27 25
1487262705 113.898005 22.950125 50.20 1.30 0.95 8 37 33 26 25
1487262706 113.898008 22.950123 50.30 1.30 0.95 8 37 33 26 25
1487262707 113.898008 22.950125 50.40 1.47 0.95 8 37 32 31 26
1487262708 113.898010 22.950126 50.50 1.47 0.95 8 36 32 25 24
1487262709 113.898010 22.950128 50.60 1.30 0.95 8 34 26 24 24
1487262710 113.898011 22.950128 50.70 1.30 0.95 8 38 36 36 31
1487262711 113.898013 22.950126 50.70 1.30 0.95 8 37 37 36 33
1487262712 113.898015 22.950128 50.70 1.30 0.95 8 36 34 30 29
1487262713 113.898016 22.950128 50.70 1.30 0.95 8 31 30 26 25
1487262714 113.898018 22.950130 50.70 1.30 0.95 8 32 31 26 25
1487262715 113.898018 22.950130 50.70 1.30 0.95 8 32 32 24 24
1487262716 113.898018 22.950131 50.70 1.74 0.95 8 31 31 27 24
1487262717 113.898018 22.950131 50.70 1.30 2.91 8 31 31 31 26
1487262718 113.898018 22.950131 50.70 1.30 0.95 8 32 31 24 24
1487262719 113.898016 22.950131 50.70 1.30 0.95 8 33 32 31 24
1487262720 113.898015 22.950133 50.70 1.30 0.95 8 33 31 30 26
1487262721 113.898013 22.950133 50.70 1.30 0.95 8 33 31 30 24
1487262722 113.898011 22.950135 50.70 1.30 0.95 8 33 30 30 24
1487262723 113.898008 22.950136 50.70 1.30 0.95 8 33 30 30 23
1487262724 113.898006 22.950136 50.70 1.30 0.95 8 33 30 30 23
1487262725 113.898005 22.950138 50.70 1.30 0.95 8 32 32 30 28
1487262726 113.898003 22.950138 50.70 1.30 0.95 8 33 31 30 28
1487262727 113.898003 22.950138 50.70 1.38 0.95 8 32 30 29 25
1487262728 113.898003 22.950136 50.70 1.38 0.96 8 33 29 28 23
1487262729 113.898003 22.950136 50.70 1.38 0.96 8 33 29 27 24
1487262730 113.898005 22.950138 50.70 1.38 0.96 8 29 27 25 22
1487262731 113.898021 22.950156 50.50 1.38 0.96 8 38 38 36 36
1487262732 113.898045 22.950171 50.40 1.30 0.96 8 38 37 35 35
1487262733 113.898060 22.950180 50.30 1.30 0.95 8 36 29 27 26
1487262734 113.898081 22.950201 50.20 1.30 0.95 8 35 29 28 26
1487262735 113.898100 22.950223 50.10 1.30 0.95 8 38 33 28 27
1487262736 113.898116 22.950260 50.00 1.30 0.95 8 38 35 29 29
1487262737 113.898128 22.950291 50.00 1.73 0.95 8 38 37 30 30
1487262738 113.898110 22.950330 49.70 1.73 2.91 8 37 36 29 25
1487262739 113.898090 22.950366 49.50 1.73 2.91 8 36 33 31 29
1487262740 113.898080 22.950395 49.30 1.73 2.91 8 36 34 31 31
1487262741 113.898070 22.950435 49.10 1.30 2.91 8 34 33 33 32
1487262742 113.898071 22.950470 48.90 1.73 0.95 8 42 38 35 33
1487262743 113.898083 22.950505 48.70 1.73 2.91 8 41 38 36 34
1487262744 113.898108 22.950535 48.60 1.73 2.91 8 41 36 36 34
1487262745 113.898131 22.950556 48.80 1.73 2.91 8 34 33 33 27
1487262746 113.898151 22.950580 48.70 1.30 2.91 8 35 33 33 28
1487262747 113.898163 22.950601 48.20 1.73 0.95 8 36 33 32 28
1487262748 113.898171 22.950625 48.00 1.30 2.91 8 38 34 33 32
1487262749 113.898185 22.950650 47.80 1.30 0.95 8 38 37 34 32
1487262750 113.89826 22.950708 47.80 1.30 0.95 8 38 37 34 32
1487262751 113.898252 22.950774 47.80 1.30 0.95 8 38 37 34 32
1487262752 113.898282 22.950769 47.80 1.30 0.95 8 38 37 34 32
1487262753 113.898279 22.950746 47.80 1.30 0.95 8 38 37 34 32
1487262754 113.898129 22.95082 47.80 1.30 0.95 8 38 37 34 32
1487262755 113.898249 22.950752 47.80 1.30 0.95 8 38 37 34 32
1487262756 113.898183 22.950662 47.80 1.30 0.95 8 38 37 34 32
1487262757 113.898183 22.950572 47.80 1.30 0.95 8 38 37 34 32
1487262758 113.898275 22.950606 47.80 1.30 0.95 8 38 37 34 32
1487262759 113.898254 22.950542 47.80 1.30 0.95 8 38 37 34 32
1487262760 113.898203 22.950676 47.80 1.30 0.95 8 40 39 37 34
1487262761 113.898225 22.950705 47.60 1.30 0.95 8 39 36 33 32
1487262762 113.898226 22.950718 47.60 1.73 0.95 8 39 35 32 32
1487262763 113.898226 22.950736 47.40 1.73 2.91 8 36 31 30 30
1487262764 113.898225 22.950770 47.30 1.73 2.91 8 36 30 30 29
1487262765 113.898215 22.950800 47.10 1.73 2.91 8 31 29 28 27
1487262766 113.898206 22.950823 47.00 1.73 2.91 8 32 29 28 26
1487262767 113.898196 22.950851 46.90 1.73 2.90 8 33 33 30 30
1487262768 113.898183 22.950883 46.60 1.73 2.90 8 35 33 33 31
1487262769 113.898171 22.950910 46.50 1.73 2.90 8 34 34 31 31
1487262770 113.898170 22.950936 46.30 1.30 2.90 8 35 34 32 31
1487262771 113.898166 22.950963 46.20 1.30 0.95 8 35 35 33 31
1487262772 113.898175 22.950995 46.20 1.30 0.95 8 36 35 34 31
1487262773 113.898181 22.951028 46.00 1.30 0.95 8 36 35 34 33
1487262774 113.898183 22.951056 45.70 1.72 0.95 8 36 35 34 33
1487262775 113.898186 22.951086 45.40 1.72 2.90 8 37 36 33 33
1487262776 113.898186 22.951110 45.40 1.72 2.90 8 38 36 33 33
1487262777 113.898190 22.951136 45.10 1.72 2.90 8 37 36 34 34
1487262778 113.898191 22.951160 44.70 1.72 2.90 8 37 36 35 34
1487262779 113.898186 22.951188 44.60 1.72 2.90 8 38 36 35 34
1487262780 113.898181 22.951215 44.80 1.72 2.90 8 40 37 36 35
1487262781 113.898176 22.951241 44.30 1.72 2.90 8 40 36 36 34
1487262782 113.898170 22.951266 44.20 1.72 2.91 8 41 37 35 34
1487262783 113.898161 22.951290 43.90 1.72 2.90 8 40 37 35 34
1487262784 113.898155 22.951311 43.60 1.72 2.90 8 39 38 34 34
1487262785 113.898150 22.951338 43.20 1.72 2.90 8 40 39 35 34
1487262786 113.898151 22.951361 42.80 1.72 2.90 8 39 35 27 25
1487262787 113.898153 22.951383 42.50 1.72 2.90 8 33 27 24 24
1487262788 113.898153 22.951393 42.10 1.72 2.90 8 32 27 25 24
1487262789 113.898153 22.951401 41.60 1.72 2.90 8 38 33 28 26
1487262790 113.898168 22.951415 41.20 1.29 2.90 8 38 33 28 27
1487262791 113.898186 22.951433 40.80 1.29 0.95 8 35 29 27 27
1487262792 113.898213 22.951485 40.30 1.29 0.95 8 35 28 27 27
1487262793 113.898238 22.951528 40.00 1.29 0.95 8 30 28 26 25
1487262794 113.898256 22.951563 39.70 1.49 0.95 8 29 28 25 25
1487262795 113.898286 22.951605 39.40 1.49 0.97 8 30 28 26 25
1487262796 113.898323 22.951635 39.10 1.49 0.97 8 30 27 26 25
1487262797 113.898345 22.951666 38.80 1.49 0.97 8 32 27 26 26
1487262798 113.898356 22.951706 38.50 1.49 0.97 8 32 26 26 26
1487262799 113.898370 22.951738 38.20 1.49 0.97 9 35 30 27 27
1487262800 113.898393 22.951758 37.90 1.46 0.97 9 35 29 28 27
1487262801 113.898415 22.951776 37.70 1.46 0.95 9 36 36 27 27
1487262802 113.898455 22.951818 37.30 1.46 0.95 8 34 26 26 23
1487262803 113.898465 22.951845 36.90 1.46 0.95 8 33 28 27 25
1487262804 113.898465 22.951868 36.40 1.49 0.95 8 33 28 27 25
1487262805 113.898466 22.951900 36.10 1.48 0.97 8 32 29 28 26
1487262806 113.898443 22.951913 35.70 1.46 0.97 8 34 29 27 27
1487262807 113.898463 22.951938 35.50 1.83 0.95 8 36 32 28 27
1487262808 113.898475 22.951966 35.20 1.46 2.90 8 34 31 28 27
1487262809 113.898493 22.951996 34.90 1.83 0.95 8 33 31 28 26
1487262810 113.898498 22.952023 34.60 1.83 2.90 8 33 32 27 27
1487262811 113.898466 22.952043 34.30 1.71 2.90 8 33 31 26 24
1487262812 113.898423 22.952055 34.00 1.71 2.90 8 37 33 31 30
1487262813 113.898391 22.952058 33.60 1.29 2.89 8 44 42 36 30
1487262814 113.898375 22.952058 33.80 1.29 0.95 8 40 32 32 29
1487262815 113.898360 22.952060 33.90 1.29 0.95 8 37 34 32 28
1487262816 113.898346 22.952065 33.50 1.29 0.95 8 37 35 32 32
1487262817 113.898346 22.952066 33.20 1.29 0.95 8 36 31 30 29
1487262818 113.898348 22.952068 33.00 1.29 0.95 8 38 34 29 29
1487262819 113.898351 22.952071 32.90 1.29 0.95 8 36 34 30 30
1487262820 113.898353 22.952075 32.80 1.29 0.95 8 35 34 31 31
1487262821 113.898351 22.952078 32.60 1.29 0.95 8 39 34 31 30
1487262822 113.898348 22.952085 32.50 1.29 0.95 8 39 34 31 30
1487262823 113.898346 22.952090 32.40 1.29 0.95 8 34 31 31 30
1487262824 113.898345 22.952095 32.30 1.29 0.95 8 34 31 31 31
1487262825 113.898343 22.952098 32.10 1.29 0.95 8 32 32 31 27
1487262826 113.898343 22.952103 32.00 1.71 0.95 8 33 31 31 27
1487262827 113.898343 22.952105 31.90 1.71 2.89 8 31 29 27 25
1487262828 113.898343 22.952108 31.80 1.71 2.89 8 32 31 28 26
1487262829 113.898343 22.952110 31.60 1.71 2.89 8 36 33 30 30
1487262830 113.898345 22.952111 31.50 1.29 2.89 8 36 33 29 29
1487262831 113.898346 22.952111 31.40 1.29 0.95 8 34 33 29 26
1487262832 113.898350 22.952111 31.40 1.29 0.95 8 33 32 29 26
1487262833 113.898353 22.952113 31.30 1.29 0.95 8 32 30 29 27
1487262834 113.898356 22.952113 31.20 1.29 0.95 8 30 29 29 27
1487262835 113.898358 22.952115 31.20 1.29 0.95 8 30 30 29 29
1487262836 113.898358 22.952116 31.10 1.29 0.95 8 31 30 30 29
1487262837 113.898358 22.952118 31.10 1.70 0.95 8 39 33 31 30
1487262838 113.898358 22.952121 31.10 1.70 2.89 8 33 33 33 29
1487262839 113.898356 22.952125 31.00 1.29 2.89 8 32 31 30 25
1487262840 113.898356 22.952128 31.00 1.70 0.94 8 31 31 27 26
1487262841 113.898355 22.952131 30.90 1.70 2.89 8 42 36 36 30
1487262842 113.898356 22.952133 30.90 1.29 2.89 8 37 32 29 26
1487262843 113.898356 22.952135 30.90 1.70 0.95 8 36 35 34 33
1487262844 113.898351 22.952136 30.90 1.29 2.88 8 36 35 33 33
1487262845 113.898328 22.952138 30.90 1.29 0.94 8 34 34 33 33
1487262846 113.898290 22.952138 31.00 1.29 0.94 8 34 34 33 32
1487262847 113.898258 22.952140 31.00 1.29 0.94 8 35 34 31 26
1487262848 113.898223 22.952145 30.90 1.29 0.94 8 35 34 30 26
1487262849 113.898196 22.952146 31.00 1.29 0.94 8 35 33 29 26
1487262850 113.898168 22.952146 31.00 1.70 0.94 8 34 33 29 26
1487262851 113.898140 22.952148 31.00 1.70 2.89 8 32 31 29 26
1487262852 113.898100 22.952141 31.00 1.70 2.89 8 31 30 29 26
1487262853 113.898068 22.952133 31.10 1.70 2.89 8 32 30 30 28
1487262854 113.898041 22.952125 31.10 1.28 2.89 8 33 31 30 29
1487262855 113.898015 22.952116 31.20 1.28 0.94 8 32 32 31 29
1487262856 113.897986 22.952110 31.10 1.28 0.94 8 32 32 31 29
1487262857 113.897960 22.952105 31.10 1.28 0.94 8 32 31 31 29
1487262858 113.897925 22.952095 31.20 1.70 0.94 8 32 31 30 29
1487262859 113.897886 22.952088 31.30 1.70 2.88 8 32 32 31 28
1487262860 113.897848 22.952100 31.40 1.70 2.88 8 32 32 31 28
1487262861 113.897813 22.952103 31.40 1.70 2.88 8 37 33 31 29
1487262862 113.897778 22.952106 31.60 1.70 2.88 8 35 32 32 31
1487262863 113.897738 22.952111 31.80 1.70 2.88 8 33 33 28 24
1487262864 113.897686 22.952121 31.50 1.70 2.88 8 33 32 29 23
1487262865 113.897645 22.952133 31.20 1.70 2.88 8 32 30 28 23
1487262866 113.897596 22.952151 30.90 1.70 2.88 8 32 28 28 24
1487262867 113.897560 22.952186 30.60 1.28 2.88 8 34 28 28 25
1487262868 113.897538 22.952198 30.50 1.69 0.94 8 34 28 27 27
1487262869 113.897518 22.952208 30.40 1.69 2.88 8 35 28 28 26
1487262870 113.897483 22.952210 30.20 1.28 2.88 8 37 28 27 27
1487262871 113.897451 22.952221 30.00 1.69 0.94 8 35 28 27 22
1487262872 113.897416 22.952231 29.80 1.28 2.88 8 34 28 26 23
1487262873 113.897376 22.952273 29.30 1.69 0.94 8 35 29 26 24
1487262874 113.897336 22.952288 28.90 1.69 2.88 8 37 30 27 24
1487262875 113.897295 22.952301 28.60 1.69 2.88 8 37 29 28 25
1487262876 113.897265 22.952318 28.30 1.69 2.87 8 38 31 29 27
1487262877 113.897238 22.952338 27.80 1.28 2.88 8 37 29 28 26
1487262878 113.897205 22.952361 27.30 1.28 0.94 8 36 28 28 26
1487262879 113.897151 22.952376 26.80 1.28 0.94 8 36 32 29 29
1487262880 113.897086 22.952376 26.20 1.28 0.94 8 36 32 30 29
1487262881 113.897046 22.952383 25.80 1.28 0.94 8 38 31 30 28
1487262882 113.896993 22.952351 25.40 1.28 0.94 8 39 30 30 28
1487262883 113.896951 22.952341 24.70 1.28 0.94 8 39 37 31 30
1487262884 113.896911 22.952326 24.50 1.28 0.94 8 39 37 32 31
1487262885 113.896875 22.952313 24.20 1.28 0.94 8 38 33 26 25
1487262886 113.896861 22.952321 23.80 1.43 0.94 8 37 33 27 25
1487262887 113.896833 22.952316 23.50 1.43 0.95 8 37 37 32 27
1487262888 113.896813 22.952313 23.20 1.43 0.95 8 37 37 32 28
1487262889 113.896795 22.952310 23.00 1.43 0.95 8 38 37 36 33
1487262890 113.896785 22.952308 22.80 1.28 0.95 8 38 35 35 34
1487262891 113.896776 22.952308 22.60 1.28 0.94 8 36 28 27 25
1487262892 113.896771 22.952316 22.40 1.28 0.94 8 34 28 26 25
1487262893 113.896768 22.952320 22.30 1.28 0.94 8 35 25 23 23
1487262894 113.896765 22.952323 22.10 1.28 0.94 8 34 26 25 25
1487262895 113.896761 22.952326 21.90 1.28 0.94 8 33 27 25 25
1487262896 113.896753 22.952330 21.80 1.28 0.94 8 32 27 25 25
1487262897 113.896751 22.952330 21.60 1.37 0.94 8 40 33 32 29
1487262898 113.896745 22.952331 21.60 1.56 0.97 8 41 40 38 37
1487262899 113.896733 22.952331 21.80 1.57 0.97 8 40 40 40 39
1487262900 113.896735 22.952320 22.30 1.28 0.97 8 40 39 39 38
1487262901 113.896740 22.952310 22.70 1.69 0.94 9 38 34 32 30
1487262902 113.896743 22.952308 22.90 1.28 2.87 8 39 33 30 29
1487262903 113.896740 22.952306 23.40 1.28 0.94 8 27 27 24 23
1487262904 113.896740 22.952306 23.40 1.28 0.94 8 36 26 25 20
1487262905 113.896740 22.952305 23.40 1.28 0.94 8 36 28 27 25
1487262906 113.896740 22.952303 23.40 1.28 0.94 8 36 36 32 28
1487262907 113.896741 22.952301 23.40 1.28 0.94 8 37 35 35 29
1487262908 113.896741 22.952300 23.40 1.28 0.94 8 39 36 32 30
1487262909 113.896741 22.952298 23.40 1.37 0.94 8 26 25 24 22
1487262910 113.896741 22.952296 23.40 1.37 0.97 8 38 38 35 34
1487262911 113.896741 22.952296 23.40 1.28 0.97 8 39 35 33 29
1487262912 113.896740 22.952295 23.40 1.28 0.94 8 33 32 30 29
1487262913 113.896740 22.952295 23.40 1.37 0.94 8 31 31 29 25
1487262914 113.896740 22.952295 23.40 1.37 0.97 8 38 33 33 31
1487262915 113.896743 22.952295 23.40 1.56 0.97 8 39 36 33 31
1487262916 113.896745 22.952295 23.40 1.32 0.97 8 39 35 34 33
1487262917 113.896745 22.952295 23.40 1.32 0.95 8 38 37 35 35
1487262918 113.896745 22.952293 23.40 1.37 0.95 8 38 37 36 36
1487262919 113.896746 22.952288 23.50 1.28 0.97 8 38 37 36 35
1487262920 113.896748 22.952278 23.50 1.28 0.94 8 37 34 33 29
1487262921 113.896753 22.952255 23.90 1.28 0.94 8 37 33 29 27
1487262922 113.896753 22.952228 24.00 1.68 0.94 8 36 36 35 33
1487262923 113.896750 22.952201 24.40 1.68 2.86 8 35 34 33 32
1487262924 113.896746 22.952173 24.50 2.17 2.86 8 35 35 33 33
1487262925 113.896746 22.952148 24.70 1.68 4.29 8 35 33 31 28
1487262926 113.896750 22.952116 24.90 1.68 2.87 8 33 33 32 26
1487262927 113.896765 22.952078 25.40 1.68 2.87 8 34 33 32 26
1487262928 113.896773 22.952041 25.50 1.68 2.86 8 34 34 33 30
1487262929 113.896775 22.952008 25.60 1.27 2.87 8 33 32 30 27
1487262930 113.896773 22.951976 25.80 1.27 0.94 8 33 32 28 26
1487262931 113.896773 22.951941 26.00 1.27 0.94 8 34 27 27 25
1487262932 113.896775 22.951916 26.10 1.68 0.94 8 33 33 29 26
1487262933 113.896780 22.951890 26.10 1.67 2.86 8 38 32 26 26
1487262934 113.896780 22.951861 26.10 2.17 2.86 8 33 31 27 26
1487262935 113.896775 22.951833 26.40 1.67 4.30 8 34 33 27 27
1487262936 113.896771 22.951805 26.50 1.36 2.86 8 33 32 29 27
1487262937 113.896766 22.951783 26.70 1.67 0.97 8 33 31 28 27
1487262938 113.896760 22.951760 27.10 1.67 2.86 8 37 32 30 25
1487262939 113.896788 22.951720 27.60 1.67 2.86 8 37 32 27 24
1487262940 113.896803 22.951683 28.60 1.67 2.86 8 37 37 31 26
1487262941 113.896816 22.951645 29.10 1.67 2.86 8 37 30 30 27
1487262942 113.896825 22.951615 29.70 1.27 2.86 8 37 30 30 28
1487262943 113.896835 22.951586 30.10 1.27 0.94 8 37 32 30 29
1487262944 113.896843 22.951560 30.20 1.27 0.94 8 37 32 30 29
1487262945 113.896855 22.951531 30.30 1.27 0.94 8 37 30 29 29
1487262946 113.896853 22.951501 30.40 1.36 0.94 8 36 29 29 28
1487262947 113.896850 22.951475 30.40 1.36 0.97 8 37 37 29 29
1487262948 113.896840 22.951438 30.50 1.36 0.97 8 37 37 30 29
1487262949 113.896835 22.951400 30.60 1.36 0.97 8 37 35 30 28
1487262950 113.896830 22.951366 30.90 1.36 0.97 8 37 34 31 28
1487262951 113.896820 22.951333 31.10 1.67 0.97 8 37 34 33 29
1487262952 113.896821 22.951310 31.00 1.27 2.86 8 36 34 33 28
1487262953 113.896820 22.951288 31.30 1.67 0.94 8 35 34 34 31
1487262954 113.896818 22.951271 31.40 1.67 2.86 8 35 35 32 32
1487262955 113.896813 22.951255 31.40 1.67 2.85 8 37 35 32 32
1487262956 113.896813 22.951238 31.50 1.27 2.86 8 32 31 30 28
1487262957 113.896818 22.951225 31.40 1.67 0.94 8 36 31 28 28
1487262958 113.896815 22.951220 31.40 1.27 2.86 8 39 36 30 27
1487262959 113.896810 22.951211 31.30 1.27 0.94 8 37 37 34 31
1487262960 113.896808 22.951206 31.50 1.27 0.94 8 36 36 35 30
1487262961 113.896803 22.951203 31.30 1.27 0.94 8 35 34 30 28
1487262962 113.896800 22.951203 31.30 1.27 0.94 8 36 35 35 32
1487262963 113.896798 22.951205 31.30 1.27 0.94 8 42 41 38 36
1487262964 113.896796 22.951205 31.30 1.27 0.94 8 42 39 37 33
1487262965 113.896796 22.951206 31.30 1.27 0.94 8 40 38 38 34
1487262966 113.896795 22.951206 31.30 1.27 0.94 8 39 39 38 32
1487262967 113.896795 22.951208 31.30 1.66 0.94 8 40 38 38 32
1487262968 113.896796 22.951208 31.30 1.66 2.85 8 40 38 38 32
1487262969 113.896798 22.951210 31.30 1.66 2.85 8 39 38 37 33
1487262970 113.896800 22.951210 31.30 1.27 2.85 8 39 38 36 33
1487262971 113.896801 22.951211 31.30 1.27 0.94 8 39 36 30 29
1487262972 113.896803 22.951213 31.30 1.27 0.94 8 39 36 30 28
1487262973 113.896805 22.951213 31.30 1.27 0.94 8 35 34 32 32
1487262974 113.896806 22.951215 31.30 1.27 0.94 8 35 34 33 32
1487262975 113.896806 22.951216 31.30 1.27 0.94 8 34 34 33 33
1487262976 113.896806 22.951218 31.30 1.27 0.94 8 34 34 33 33
1487262977 113.896808 22.951218 31.30 1.27 0.94 8 42 35 35 34
1487262978 113.896808 22.951220 31.30 1.27 0.94 8 42 36 36 35
1487262979 113.896810 22.951221 31.30 1.27 0.94 8 41 37 35 32
1487262980 113.896810 22.951221 31.30 1.27 0.94 8 40 37 36 32
1487262981 113.896810 22.951220 31.30 1.27 0.94 8 38 37 37 32
1487262982 113.896810 22.951220 31.30 1.27 0.94 8 38 38 33 30
1487262983 113.896808 22.951221 31.30 1.27 0.94 8 39 38 38 34
1487262984 113.896808 22.951221 31.30 1.27 0.94 8 39 38 36 34
1487262985 113.896806 22.951221 31.30 1.27 0.94 8 38 38 37 35
1487262986 113.896806 22.951221 31.30 1.27 0.94 8 45 42 39 30
1487262987 113.896806 22.951220 31.30 1.27 0.94 8 45 41 39 30
1487262988 113.896806 22.951220 31.30 1.27 0.94 8 44 41 39 31
1487262989 113.896805 22.951220 31.30 1.27 0.94 8 38 33 32 30
1487262990 113.896805 22.951221 31.30 1.27 0.94 8 31 30 27 24
1487262991 113.896805 22.951221 31.30 1.36 0.94 8 38 34 32 29
1487262992 113.896805 22.951223 31.30 2.15 0.97 8 38 34 33 29
