$$PMTK$011,M$10,0$3840 0.000000 0.000000 0.00 0.00 0.00 0 0 0 0 0
1494413841 113.896641 22.951196 27.80 1.61 0.00 13 0 0 0 0
1494413842 113.896771 22.951170 27.90 1.41 1.00 13 27 0 0 0
1494413843 113.896785 22.951170 28.00 1.18 0.97 13 39 35 34 33
1494413844 113.896795 22.951175 28.10 1.18 0.91 13 37 36 32 29
1494413845 113.896790 22.951180 28.10 0.94 0.91 13 37 32 30 22
1494413846 113.896793 22.951186 28.00 1.12 0.89 14 38 30 30 22
1494413847 113.896798 22.951188 27.90 0.93 0.91 14 40 34 32 32
1494413848 113.896796 22.951191 27.80 1.01 0.87 14 39 31 31 27
1494413849 113.896801 22.951185 27.80 0.93 0.88 14 39 35 31 31
1494413850 113.896800 22.951186 27.80 0.93 0.88 14 38 36 33 30
1494413851 113.896800 22.951186 27.80 0.70 0.88 14 38 36 32 32
1494413852 113.896788 22.951186 27.80 0.70 0.80 14 38 36 34 30
1494413854 113.896786 22.951190 27.80 0.70 0.80 14 37 36 35 31
1494413855 113.896790 22.951193 27.80 0.70 0.80 14 37 37 37 36
1494413856 113.896791 22.951198 27.80 0.87 0.80 14 38 38 37 36
1494413857 113.896793 22.951201 27.80 0.87 0.85 14 39 39 37 35
1494413858 113.896796 22.951205 27.80 0.87 0.85 14 40 39 37 34
1494413859 113.896798 22.951208 27.70 0.87 0.85 14 40 39 37 34
1494413860 113.896800 22.951213 27.70 0.93 0.85 14 40 38 37 34
1494413861 113.896801 22.951216 27.70 0.93 0.88 14 37 32 32 31
1494413862 113.896808 22.951223 27.70 0.93 0.88 14 36 31 31 31
1494413863 113.896815 22.951228 27.70 0.93 0.88 14 36 33 31 31
1494413864 113.896816 22.951228 27.70 0.88 0.88 14 36 33 31 31
1494413865 113.896818 22.951228 27.70 0.88 0.83 14 38 34 32 30
1494413866 113.896823 22.951228 27.70 0.88 0.83 14 38 35 32 30
1494413867 113.896826 22.951231 27.80 0.88 0.83 14 38 37 37 35
1494413868 113.896828 22.951235 27.80 0.91 0.83 14 38 37 37 35
1494413869 113.896830 22.951238 27.80 0.91 0.85 14 38 38 37 36
1494413870 113.896831 22.951243 27.80 0.91 0.85 14 38 38 37 36
1494413871 113.896833 22.951248 27.90 0.91 0.85 14 35 35 35 32
1494413872 113.896833 22.951248 27.90 0.91 0.85 14 35 35 34 31
1494413873 113.896836 22.951250 27.90 0.91 0.85 14 36 35 32 31
1494413874 113.896835 22.951251 27.80 0.91 0.85 14 36 35 31 31
1494413875 113.896833 22.951251 27.80 0.91 0.85 14 36 35 31 30
1494413876 113.896830 22.951251 27.80 1.33 0.85 14 36 35 31 30
1494413877 113.896828 22.951250 27.80 1.33 0.86 14 36 35 31 30
1494413878 113.896828 22.951251 27.80 1.33 0.86 14 36 35 31 30
1494413879 113.896828 22.951251 27.80 1.33 0.86 14 36 36 31 30
1494413880 113.896825 22.951251 27.80 1.13 0.86 14 36 36 31 30
1494413881 113.896820 22.951251 27.80 1.13 0.85 14 36 36 31 29
1494413882 113.896816 22.951251 27.80 1.13 0.85 14 36 36 31 28
1494413883 113.896810 22.951250 27.80 1.13 0.85 14 36 36 31 29
1494413884 113.896811 22.951253 27.90 1.15 0.85 14 36 36 31 29
1494413885 113.896813 22.951256 27.90 1.15 0.86 14 38 37 37 32
1494413886 113.896811 22.951258 27.90 1.15 0.86 14 38 37 37 32
1494413887 113.896810 22.951260 27.90 1.15 0.86 14 36 35 30 29
1494413888 113.896805 22.951258 27.90 1.04 0.86 14 35 34 30 29
1494413889 113.896800 22.951258 27.90 1.04 0.82 14 35 34 34 34
1494413890 113.896796 22.951255 27.90 1.04 0.82 14 35 34 34 33
1494413891 113.896793 22.951253 27.90 1.04 0.82 14 34 34 28 27
1494413892 113.896786 22.951248 27.90 0.91 0.82 14 35 34 28 27
1494413893 113.896780 22.951243 27.90 0.91 0.85 14 37 34 34 30
1494413894 113.896778 22.951241 27.90 0.91 0.85 14 37 34 33 30
1494413895 113.896776 22.951241 27.90 0.91 0.85 14 37 33 33 28
1494413896 113.896771 22.951238 27.90 0.83 0.85 14 37 33 32 29
1494413897 113.896766 22.951236 27.90 0.83 0.82 14 37 33 31 29
1494413898 113.896763 22.951233 27.90 0.83 0.82 14 37 33 31 29
1494413899 113.896763 22.951231 27.90 0.83 0.82 14 33 33 31 29
1494413900 113.896763 22.951230 27.90 0.86 0.82 14 33 33 31 29
1494413901 113.896763 22.951230 27.90 0.86 0.83 14 34 33 31 29
1494413902 113.896765 22.951231 27.80 0.86 0.83 14 34 33 31 29
1494413903 113.896768 22.951235 27.80 0.86 0.83 14 34 33 31 29
1494413904 113.896766 22.951231 27.80 0.86 0.83 14 34 33 31 29
1494413905 113.896770 22.951235 27.90 0.86 0.83 14 34 33 31 29
1494413906 113.896770 22.951235 27.90 0.86 0.83 14 34 33 31 29
1494413907 113.896773 22.951236 27.90 0.86 0.83 14 34 33 31 29
1494413908 113.896783 22.951240 27.90 0.88 0.83 14 34 33 31 29
1494413909 113.896796 22.951241 27.90 0.88 0.85 14 36 34 30 30
1494413910 113.896828 22.951240 27.90 0.88 0.85 14 36 35 30 30
1494413911 113.896870 22.951240 28.00 0.88 0.85 14 30 30 29 28
1494413912 113.896896 22.951238 28.00 1.14 0.85 14 30 30 28 28
1494413913 113.896943 22.951241 28.10 1.14 0.92 14 30 29 29 28
1494413914 113.896983 22.951246 28.10 1.14 0.92 14 49 37 29 29
1494413915 113.897020 22.951250 28.10 1.14 0.92 14 30 29 28 28
1494413916 113.897060 22.951253 28.10 1.21 0.92 14 30 29 28 28
1494413917 113.897113 22.951275 28.00 1.21 1.88 14 33 31 29 29
1494413918 113.897165 22.951288 28.20 1.21 1.88 14 52 32 30 29
1494413919 113.897215 22.951300 28.30 1.21 1.88 14 39 32 31 30
1494413920 113.897255 22.951308 28.30 1.05 1.88 14 39 32 31 30
1494413921 113.897293 22.951311 28.30 1.05 0.89 14 38 30 29 28
1494413922 113.897325 22.951311 28.50 1.05 0.89 14 52 29 28 28
1494413923 113.897360 22.951308 28.60 1.05 0.89 14 36 36 35 30
1494413924 113.897385 22.951293 28.60 1.10 0.89 14 36 36 35 30
1494413925 113.897395 22.951270 28.50 1.10 0.90 14 36 30 29 27
1494413926 113.897416 22.951255 28.50 1.10 0.90 14 38 36 30 27
1494413927 113.897436 22.951241 28.50 1.10 0.90 14 34 31 28 27
1494413928 113.897463 22.951233 28.40 1.15 0.90 14 33 32 29 27
1494413929 113.897500 22.951226 28.30 1.15 0.90 14 32 31 28 27
1494413930 113.897510 22.951188 28.40 1.15 0.90 14 51 32 30 28
1494413931 113.897535 22.951180 28.30 1.15 0.90 14 36 33 30 27
1494413932 113.897565 22.951188 28.40 0.89 0.90 14 36 33 30 27
1494413933 113.897598 22.951196 28.60 0.89 0.90 14 38 33 30 26
1494413934 113.897628 22.951200 28.50 0.89 0.90 14 38 37 33 30
1494413935 113.897650 22.951191 28.50 0.89 0.90 14 40 38 32 27
1494413936 113.897656 22.951193 28.60 0.80 0.90 14 40 38 33 27
1494413937 113.897661 22.951190 28.60 0.80 0.89 14 41 34 32 26
1494413938 113.897666 22.951186 28.70 0.80 0.89 14 41 35 32 28
1494413939 113.897670 22.951183 28.80 0.80 0.89 14 36 35 31 27
1494413940 113.897670 22.951186 28.80 0.82 0.89 14 36 35 30 27
1494413941 113.897671 22.951188 28.80 0.82 0.90 14 44 33 31 30
1494413942 113.897671 22.951193 28.80 0.82 0.90 14 44 32 31 30
1494413943 113.897673 22.951193 28.80 0.82 0.90 14 43 31 29 29
1494413944 113.897671 22.951201 28.90 0.79 0.90 14 43 30 29 28
1494413945 113.897675 22.951195 28.90 0.79 0.90 14 38 27 27 27
1494413946 113.897673 22.951193 29.00 0.79 0.90 14 38 27 27 26
1494413947 113.897666 22.951193 29.00 0.79 0.90 14 38 30 29 28
1494413948 113.897663 22.951193 29.10 0.81 0.90 14 38 30 29 29
1494413949 113.897661 22.951195 29.10 0.81 0.89 14 39 29 29 28
1494413950 113.897660 22.951196 29.10 0.81 0.89 14 40 29 29 27
1494413951 113.897655 22.951196 29.20 0.81 0.89 14 40 29 28 27
1494413952 113.897655 22.951201 29.20 0.76 0.89 14 40 32 27 27
1494413953 113.897651 22.951211 29.30 0.76 0.86 14 41 32 29 27
1494413954 113.897650 22.951223 29.40 0.76 0.86 14 41 31 28 28
1494413955 113.897653 22.951216 29.40 0.73 0.86 14 39 33 30 29
1494413956 113.897650 22.951223 29.40 0.73 0.85 14 39 32 31 29
1494413957 113.897651 22.951220 29.20 0.74 0.85 14 39 31 27 27
1494413958 113.897648 22.951223 29.00 0.74 0.86 14 39 32 27 26
1494413959 113.897648 22.951220 28.80 0.73 0.86 14 39 32 28 26
1494413960 113.897646 22.951223 28.60 0.73 0.85 14 38 34 26 26
1494413961 113.897646 22.951221 28.50 0.73 0.85 14 37 35 34 34
1494413962 113.897646 22.951220 28.40 0.74 0.85 14 36 35 34 34
1494413963 113.897648 22.951221 28.20 0.73 0.86 14 37 34 34 30
1494413964 113.897646 22.951221 28.30 0.73 0.85 14 39 34 33 30
1494413965 113.897645 22.951220 28.20 0.73 0.85 14 40 33 32 30
1494413966 113.897641 22.951221 28.10 0.73 0.85 14 39 32 28 26
1494413967 113.897640 22.951220 28.00 0.73 0.85 14 39 34 34 33
1494413968 113.897640 22.951221 28.00 0.78 0.85 14 40 34 33 31
1494413969 113.897640 22.951220 28.00 0.78 0.91 14 40 34 31 28
1494413970 113.897638 22.951221 28.10 0.78 0.91 14 40 34 31 29
1494413971 113.897638 22.951220 27.90 0.78 0.91 14 39 34 32 30
1494413972 113.897638 22.951220 27.80 0.78 0.91 14 38 34 33 31
1494413973 113.897636 22.951220 27.80 0.78 0.91 14 39 34 32 31
1494413974 113.897635 22.951221 27.80 0.78 0.91 14 40 34 33 30
1494413975 113.897635 22.951221 27.80 0.78 0.91 14 39 34 34 31
1494413976 113.897635 22.951223 27.80 0.76 0.91 14 39 34 34 32
1494413977 113.897636 22.951226 27.80 0.76 0.87 14 38 33 31 30
1494413978 113.897635 22.951226 27.80 0.76 0.87 14 37 33 30 30
1494413979 113.897633 22.951225 27.80 0.76 0.87 14 36 34 32 31
1494413980 113.897631 22.951228 27.80 0.76 0.87 14 35 35 32 31
1494413981 113.897628 22.951231 27.80 0.76 0.86 14 37 34 34 30
1494413982 113.897626 22.951231 27.90 0.76 0.86 14 38 34 34 30
1494413983 113.897625 22.951236 27.90 0.76 0.86 14 39 33 30 29
1494413984 113.897626 22.951238 27.90 0.77 0.86 14 40 32 30 29
1494413985 113.897628 22.951240 28.00 0.77 0.89 14 41 31 30 28
1494413986 113.897626 22.951240 28.00 0.77 0.89 14 42 31 30 28
1494413987 113.897626 22.951240 28.00 0.77 0.89 14 42 30 30 27
1494413988 113.897626 22.951240 28.00 0.78 0.89 14 42 30 30 27
1494413989 113.897625 22.951238 28.00 0.78 0.90 14 42 30 30 27
1494413990 113.897623 22.951240 28.00 0.78 0.90 14 42 30 30 27
1494413991 113.897623 22.951240 28.00 0.78 0.90 14 32 31 31 29
1494413992 113.897621 22.951240 28.00 0.83 0.90 14 32 32 32 29
1494413993 113.897621 22.951240 28.00 0.83 0.89 14 34 32 31 30
1494413994 113.897620 22.951236 28.00 0.83 0.89 14 35 32 30 30
1494413995 113.897618 22.951236 28.00 0.83 0.89 14 36 32 31 31
1494413996 113.897615 22.951236 28.10 0.79 0.89 14 37 32 31 31
1494413997 113.897615 22.951235 28.10 0.79 0.86 14 38 32 31 31
1494413998 113.897613 22.951236 28.10 0.79 0.86 14 39 32 31 31
1494413999 113.897613 22.951236 28.10 0.79 0.86 14 39 32 31 30
1494414000 113.897615 22.951238 28.10 0.81 0.86 14 39 32 31 30
1494414001 113.897621 22.951241 28.10 0.81 0.87 14 40 32 30 27
1494414002 113.897625 22.951243 28.20 0.81 0.87 14 41 32 30 27
1494414003 113.897626 22.951248 28.20 0.81 0.87 14 32 30 30 29
1494414004 113.897628 22.951251 28.30 0.79 0.87 14 32 30 30 29
1494414005 113.897626 22.951253 28.30 0.79 0.86 14 35 33 32 29
1494414006 113.897621 22.951253 28.30 0.79 0.86 14 35 34 32 29
1494414007 113.897620 22.951253 28.30 0.79 0.86 14 36 35 32 30
1494414008 113.897618 22.951250 28.30 0.74 0.86 14 36 35 32 31
1494414009 113.897618 22.951245 28.30 0.74 0.86 14 36 35 33 32
1494414010 113.897620 22.951240 28.30 0.74 0.86 14 36 35 33 33
1494414011 113.897621 22.951235 28.30 0.74 0.86 14 36 35 32 32
1494414012 113.897621 22.951238 28.30 0.74 0.86 14 36 35 32 31
1494414013 113.897623 22.951238 28.20 0.76 0.88 14 37 37 35 31
1494414014 113.897623 22.951238 28.20 0.76 0.86 14 38 32 30 27
1494414015 113.897623 22.951238 28.30 0.76 0.86 14 39 32 30 27
1494414016 113.897626 22.951235 28.30 0.76 0.86 14 39 32 30 27
1494414017 113.897626 22.951231 28.30 0.76 0.87 14 38 34 32 30
1494414018 113.897621 22.951236 28.30 0.76 0.87 14 37 34 32 30
1494414019 113.897620 22.951238 28.30 0.76 0.87 14 37 32 32 31
1494414020 113.897618 22.951240 28.30 0.91 0.87 14 37 32 31 31
1494414021 113.897616 22.951241 28.30 0.91 0.88 14 39 30 28 25
1494414022 113.897613 22.951243 28.30 0.91 0.88 14 40 30 28 25
1494414023 113.897611 22.951243 28.30 0.91 0.88 14 38 32 29 28
1494414024 113.897613 22.951243 28.30 0.76 0.88 14 37 32 29 28
1494414025 113.897613 22.951243 28.30 0.76 0.89 14 36 30 29 28
1494414026 113.897613 22.951243 28.30 0.76 0.89 14 36 30 29 28
1494414027 113.897611 22.951243 28.30 0.76 0.89 14 35 33 30 30
1494414028 113.897615 22.951243 28.40 0.87 0.89 14 35 33 30 30
1494414029 113.897613 22.951243 28.40 0.87 0.90 14 35 32 31 29
1494414030 113.897615 22.951243 28.40 0.87 0.90 14 35 32 31 29
1494414031 113.897615 22.951245 28.40 0.87 0.90 14 34 31 30 29
1494414032 113.897616 22.951245 28.40 0.79 0.90 14 34 31 30 29
1494414033 113.897620 22.951248 28.50 0.79 0.89 14 35 33 30 29
1494414034 113.897620 22.951250 28.50 0.79 0.89 14 36 33 30 29
1494414035 113.897618 22.951251 28.50 0.79 0.89 14 30 29 28 28
1494414036 113.897616 22.951253 28.50 0.80 0.89 14 30 29 28 28
1494414037 113.897613 22.951255 28.60 0.80 0.86 14 30 29 28 28
1494414038 113.897610 22.951255 28.60 0.80 0.86 14 30 29 28 28
1494414039 113.897610 22.951256 28.60 0.80 0.86 14 31 30 29 28
1494414040 113.897608 22.951255 28.60 0.80 0.86 14 31 30 29 28
1494414041 113.897606 22.951256 28.60 0.80 0.86 14 30 29 29 28
1494414042 113.897606 22.951258 28.50 0.80 0.86 14 30 29 29 28
1494414043 113.897606 22.951258 28.50 0.80 0.86 14 30 30 29 28
1494414044 113.897606 22.951256 28.60 0.85 0.86 14 30 30 29 28
1494414045 113.897605 22.951256 28.50 0.85 0.87 14 32 30 29 27
1494414046 113.897606 22.951256 28.40 0.85 0.87 14 32 30 29 27
1494414047 113.897605 22.951256 28.40 0.85 0.87 14 33 30 29 27
1494414048 113.897605 22.951256 28.40 0.94 0.87 14 34 30 29 28
1494414049 113.897605 22.951258 28.40 0.94 0.88 14 35 31 29 27
1494414050 113.897605 22.951256 28.40 0.94 0.88 14 36 31 30 26
1494414051 113.897605 22.951256 28.40 1.06 0.88 14 36 31 31 22
1494414052 113.897605 22.951258 28.40 0.83 0.91 14 36 32 32 21
1494414053 113.897601 22.951258 28.60 0.83 0.91 14 36 33 33 25
1494414054 113.897600 22.951255 28.50 0.83 0.91 14 36 34 33 26
1494414055 113.897598 22.951250 28.50 0.83 0.91 14 36 34 33 24
1494414056 113.897596 22.951246 28.40 0.77 0.91 14 36 35 33 24
1494414057 113.897595 22.951241 28.40 0.77 0.86 14 35 30 29 28
1494414058 113.897601 22.951245 28.30 0.77 0.86 14 35 30 29 28
1494414059 113.897610 22.951250 28.20 0.77 0.86 14 35 26 24 24
1494414060 113.897621 22.951260 28.20 1.25 0.86 14 35 26 24 24
1494414061 113.897635 22.951260 28.10 1.25 0.94 14 36 29 25 25
1494414062 113.897646 22.951270 28.10 1.25 0.94 14 37 29 25 25
1494414063 113.897663 22.951283 28.00 1.25 0.94 14 37 30 29 25
1494414064 113.897681 22.951328 27.90 1.33 0.94 14 37 30 29 25
1494414065 113.897643 22.951406 28.00 1.33 0.97 14 28 27 25 24
1494414066 113.897653 22.951440 28.00 1.33 0.97 14 28 27 25 24
1494414067 113.897668 22.951470 28.10 1.33 0.97 14 32 26 26 24
1494414068 113.897646 22.951528 28.30 1.43 0.97 14 32 26 26 24
1494414069 113.897631 22.951576 28.50 1.43 3.48 13 28 28 27 25
1494414070 113.897631 22.951605 28.70 1.43 3.48 13 28 28 27 25
1494414071 113.897630 22.951623 28.90 1.43 3.48 13 34 30 28 26
1494414072 113.897650 22.951620 29.40 1.24 3.48 13 34 30 28 26
1494414073 113.897680 22.951610 29.90 1.24 0.96 13 34 31 29 28
1494414074 113.897731 22.951641 30.20 1.23 0.96 13 34 31 28 28
1494414075 113.897785 22.951658 30.50 1.04 0.97 13 35 35 27 22
1494414076 113.897823 22.951676 30.90 1.30 0.96 13 33 27 26 20
1494414077 113.897860 22.951681 31.20 1.25 0.97 13 34 27 26 24
1494414078 113.897901 22.951691 31.40 1.25 0.97 13 33 26 26 21
1494414079 113.897941 22.951706 31.70 1.25 0.97 13 32 27 26 21
1494414080 113.897975 22.951713 32.30 1.57 0.97 13 33 27 26 21
1494414081 113.898018 22.951710 32.40 1.57 0.96 13 33 30 28 24
1494414082 113.898066 22.951720 32.60 1.12 0.96 13 29 27 26 23
1494414083 113.898100 22.951705 32.70 1.12 0.95 14 36 33 27 24
1494414084 113.898116 22.951630 33.00 1.01 0.95 14 39 33 30 29
1494414085 113.898151 22.951620 32.80 1.01 0.93 14 36 32 29 28
1494414086 113.898206 22.951601 33.20 1.01 0.93 14 36 32 30 27
1494414087 113.898228 22.951600 33.30 0.79 0.93 14 36 36 26 26
1494414088 113.898255 22.951603 33.50 0.81 0.88 14 36 33 25 25
1494414089 113.898268 22.951608 33.60 0.81 0.89 14 40 37 29 28
1494414090 113.898258 22.951598 33.80 0.81 0.89 14 40 37 29 28
1494414091 113.898260 22.951596 33.90 0.81 0.89 14 37 36 25 24
1494414092 113.898260 22.951593 34.00 0.84 0.89 14 37 36 25 25
1494414093 113.898256 22.951588 34.10 0.84 0.90 14 37 35 27 25
1494414094 113.898258 22.951583 34.10 0.84 0.90 14 37 34 28 25
1494414095 113.898258 22.951581 34.20 0.84 0.90 14 39 35 32 30
1494414096 113.898256 22.951581 34.20 0.84 0.90 14 39 35 31 30
1494414097 113.898255 22.951581 34.30 0.84 0.89 14 36 35 33 25
1494414098 113.898255 22.951581 34.40 0.84 0.89 14 36 35 34 26
1494414099 113.898253 22.951583 34.50 0.84 0.89 14 38 34 34 27
1494414100 113.898251 22.951581 34.60 1.02 0.89 14 38 34 33 28
1494414101 113.898253 22.951583 34.60 0.83 0.91 14 41 38 32 31
1494414102 113.898251 22.951583 34.60 0.79 0.90 14 41 36 34 28
1494414103 113.898250 22.951586 34.70 0.79 0.88 14 36 31 25 25
1494414104 113.898248 22.951588 34.80 0.79 0.88 14 36 33 32 27
1494414105 113.898246 22.951588 35.00 0.79 0.88 14 36 32 32 32
1494414106 113.898245 22.951588 34.90 0.79 0.88 14 36 32 32 31
1494414107 113.898243 22.951590 35.10 0.76 0.88 14 36 33 33 31
1494414108 113.898245 22.951586 35.00 0.76 0.87 14 38 37 35 33
1494414109 113.898246 22.951586 34.90 0.76 0.87 14 38 35 33 32
1494414110 113.898248 22.951581 34.80 0.76 0.87 14 40 36 32 30
1494414111 113.898248 22.951578 34.70 0.76 0.87 14 39 38 32 29
1494414112 113.898248 22.951573 34.60 0.85 0.87 14 39 39 32 29
1494414112 113.898245 22.951566 34.40 0.97 0.93 14 40 39 27 27
1494414114 113.898236 22.951561 34.20 0.81 0.94 14 39 34 29 27
1494414115 113.898231 22.951563 34.20 0.81 0.89 14 39 38 37 34
1494414116 113.898230 22.951560 34.10 1.15 0.89 14 37 37 35 30
1494414117 113.898231 22.951553 34.10 1.15 0.92 14 37 35 29 28
1494414118 113.898230 22.951550 34.00 1.15 0.92 14 37 35 29 28
1494414119 113.898226 22.951548 33.80 1.15 0.92 14 35 30 30 26
1494414120 113.898221 22.951543 33.70 1.02 0.92 14 35 31 30 26
1494414121 113.898216 22.951536 33.70 1.02 0.94 14 34 31 30 30
1494414122 113.898211 22.951530 33.60 1.02 0.94 14 33 31 30 30
1494414123 113.898206 22.951526 33.50 1.02 0.94 14 33 33 32 29
1494414124 113.898203 22.951520 33.40 0.86 0.94 14 33 33 33 28
1494414125 113.898198 22.951515 33.30 0.86 0.94 14 33 33 30 28
1494414126 113.898195 22.951513 33.20 0.86 0.94 14 33 33 30 29
1494414127 113.898190 22.951511 33.20 0.86 0.94 14 33 33 30 29
1494414128 113.898190 22.951511 33.30 0.94 0.94 14 33 33 30 29
1494414129 113.898205 22.951520 33.30 0.93 0.93 14 33 33 28 24
1494414130 113.898211 22.951523 33.30 0.98 0.92 14 34 32 22 21
1494414131 113.898215 22.951520 33.30 0.88 0.93 14 35 28 26 25
1494414132 113.898215 22.951518 33.20 0.94 0.90 14 34 27 23 21
1494414133 113.898211 22.951513 33.20 0.94 0.93 14 35 33 32 24
1494414134 113.898208 22.951516 33.20 0.94 0.93 14 34 33 32 29
1494414135 113.898203 22.951513 33.20 0.94 0.93 13 33 33 32 28
1494414136 113.898203 22.951513 33.20 1.22 0.93 13 33 32 31 25
1494414137 113.898206 22.951508 33.20 1.23 0.95 13 34 32 30 27
1494414138 113.898208 22.951503 33.20 1.22 0.97 13 34 32 29 28
1494414139 113.898213 22.951496 33.30 1.23 0.97 13 34 32 29 28
1494414140 113.898215 22.951493 33.30 1.22 0.97 13 34 32 29 27
1494414141 113.898218 22.951493 33.20 1.23 0.97 13 34 32 28 27
1494414142 113.898216 22.951490 33.20 1.15 0.97 13 34 32 28 27
1494414143 113.898215 22.951486 33.20 1.15 0.94 14 34 32 28 27
1494414144 113.898216 22.951485 33.20 0.92 0.94 14 34 32 28 27
1494414145 113.898213 22.951488 33.20 0.88 0.91 14 35 34 33 30
1494414146 113.898216 22.951488 33.20 0.88 0.90 14 39 35 32 32
1494414147 113.898218 22.951488 33.20 0.88 0.90 14 39 35 34 31
1494414148 113.898221 22.951483 33.10 1.27 0.90 14 39 35 34 30
1494414149 113.898221 22.951481 33.10 1.27 0.92 14 39 37 33 32
1494414150 113.898223 22.951483 32.90 1.27 0.92 14 39 37 33 32
1494414151 113.898223 22.951490 33.00 1.27 0.92 14 40 33 33 32
1494414152 113.898228 22.951493 33.10 1.20 0.92 14 40 33 33 31
1494414153 113.898235 22.951488 33.20 0.89 0.95 14 41 40 28 25
1494414154 113.898240 22.951486 33.30 0.89 0.93 14 41 40 32 26
1494414155 113.898241 22.951485 33.40 0.89 0.93 14 40 40 28 26
1494414156 113.898243 22.951486 33.40 0.96 0.93 14 40 40 28 26
1494414157 113.898243 22.951488 33.50 0.96 0.94 14 40 40 27 26
1494414158 113.898245 22.951491 33.50 0.96 0.94 14 40 40 27 26
1494414159 113.898250 22.951495 33.40 0.96 0.94 14 40 40 28 28
1494414160 113.898250 22.951500 33.50 1.72 0.94 14 40 40 28 28
1494414161 113.898248 22.951505 33.50 1.72 0.94 14 40 40 28 28
1494414162 113.898248 22.951510 33.50 1.72 0.94 14 40 40 28 28
1494414163 113.898250 22.951513 33.50 1.72 0.94 14 40 40 28 26
1494414164 113.898253 22.951513 33.50 1.76 0.94 14 40 40 28 26
1494414165 113.898255 22.951511 33.60 1.76 0.94 14 40 40 28 28
1494414166 113.898255 22.951511 33.60 1.76 0.94 14 40 40 28 28
1494414167 113.898255 22.951513 33.60 1.76 0.94 14 40 39 28 28
1494414168 113.898258 22.951511 33.70 0.95 0.94 14 40 38 28 28
1494414169 113.898265 22.951510 33.70 0.95 0.92 14 40 38 30 29
1494414170 113.898271 22.951513 33.80 0.95 0.92 14 40 38 30 29
1494414171 113.898275 22.951515 33.90 0.95 0.92 14 40 38 34 30
1494414172 113.898278 22.951515 33.90 0.99 0.92 14 40 38 34 30
1494414173 113.898281 22.951516 34.00 0.99 0.93 14 40 39 33 29
1494414174 113.898280 22.951515 33.90 0.99 0.93 14 40 39 33 29
1494414175 113.898281 22.951516 34.00 0.99 0.93 14 40 39 32 29
1494414176 113.898281 22.951516 34.00 0.99 0.93 14 40 39 32 29
1494414177 113.898281 22.951515 34.00 0.99 0.93 14 39 38 33 32
1494414178 113.898285 22.951515 33.90 0.99 0.93 14 38 38 33 32
1494414179 113.898291 22.951515 33.90 0.99 0.93 14 38 36 33 32
1494414180 113.898290 22.951511 33.90 0.88 0.93 14 38 35 33 31
1494414181 113.898290 22.951510 33.90 0.88 0.93 14 39 37 33 30
1494414182 113.898286 22.951508 33.90 0.88 0.93 14 39 38 33 30
1494414183 113.898285 22.951508 33.90 0.88 0.93 14 39 39 29 28
1494414184 113.898281 22.951508 34.00 0.78 0.93 14 40 39 30 28
1494414185 113.898280 22.951510 34.00 0.78 0.91 14 40 38 30 29
1494414186 113.898280 22.951510 34.00 0.78 0.91 14 40 38 30 29
1494414187 113.898276 22.951510 34.00 0.78 0.91 14 40 38 30 27
1494414188 113.898276 22.951511 34.00 0.85 0.91 14 40 38 30 27
1494414189 113.898275 22.951515 34.00 0.85 0.94 14 40 38 30 28
1494414190 113.898276 22.951516 33.90 0.85 0.94 14 40 38 30 28
1494414191 113.898278 22.951520 33.90 0.85 0.94 14 40 38 31 29
1494414192 113.898281 22.951520 34.00 0.85 0.94 14 40 38 31 29
1494414193 113.898285 22.951520 34.00 0.85 0.94 14 40 38 31 28
1494414194 113.898285 22.951518 33.90 0.85 0.94 14 40 38 31 28
1494414195 113.898286 22.951518 33.90 0.85 0.94 14 41 38 31 26
1494414196 113.898286 22.951518 34.00 0.77 0.94 14 41 38 31 26
1494414197 113.898286 22.951516 34.00 0.77 0.84 14 41 37 31 29
1494414198 113.898288 22.951515 34.00 0.77 0.84 14 41 37 31 29
1494414199 113.898291 22.951515 34.00 0.77 0.84 14 41 37 31 29
1494414200 113.898290 22.951515 34.00 0.80 0.84 14 41 37 31 29
1494414201 113.898290 22.951515 33.90 0.80 0.92 14 41 36 31 25
1494414202 113.898293 22.951515 33.90 0.80 0.92 14 41 36 31 26
1494414203 113.898295 22.951515 33.90 0.80 0.92 14 41 37 31 27
1494414204 113.898295 22.951516 33.80 0.77 0.92 14 41 37 31 29
1494414205 113.898296 22.951518 33.80 0.77 0.92 14 40 38 31 30
1494414206 113.898301 22.951520 33.90 0.77 0.92 14 39 39 31 30
1494414207 113.898315 22.951528 34.00 0.77 0.92 14 39 35 32 29
1494414208 113.898333 22.951546 34.00 1.24 0.92 14 39 35 32 29
1494414209 113.898350 22.951570 34.00 1.24 0.94 14 32 31 25 24
1494414210 113.898355 22.951620 34.10 1.24 0.94 14 32 32 24 24
1494414211 113.898358 22.951661 34.30 1.21 0.94 14 34 32 25 24
1494414212 113.898368 22.951698 34.40 0.95 0.94 14 32 31 26 24
1494414213 113.898351 22.951741 34.30 0.95 0.92 14 34 32 26 25
1494414214 113.898345 22.951766 34.30 0.95 0.92 14 35 33 26 25
1494414215 113.898340 22.951790 34.40 1.65 0.92 14 36 34 24 23
1494414216 113.898330 22.951821 34.50 1.21 0.97 14 35 34 28 25
1494414217 113.898325 22.951850 34.50 1.21 0.94 14 35 35 28 26
1494414218 113.898316 22.951883 34.50 1.21 0.94 14 36 35 28 26
1494414219 113.898298 22.951906 34.40 1.21 0.94 14 36 34 28 25
1494414220 113.898305 22.951931 34.20 1.82 0.94 14 36 33 28 25
1494414221 113.898311 22.951961 33.90 1.82 2.72 14 36 33 26 25
1494414222 113.898301 22.951998 33.60 1.21 2.72 14 36 33 26 25
1494414223 113.898295 22.952036 33.30 1.21 0.94 14 36 34 27 25
1494414224 113.898293 22.952061 33.20 1.06 0.94 14 34 32 29 29
1494414225 113.898271 22.952081 32.80 1.06 0.95 14 34 34 31 30
1494414225 113.898280 22.952093 32.90 0.83 0.95 14 37 34 34 32
1494414227 113.898261 22.952120 32.60 0.83 0.90 14 33 32 31 28
1494414228 113.898240 22.952118 32.40 0.86 0.90 14 34 33 30 28
1494414229 113.898221 22.952105 32.10 0.86 0.92 14 34 32 32 28
1494414230 113.898180 22.952106 31.90 0.82 0.92 14 52 32 32 28
1494414231 113.898145 22.952108 31.70 0.82 0.91 14 30 29 29 28
1494414232 113.898090 22.952115 31.90 0.91 0.91 14 30 29 29 25
1494414233 113.898050 22.952136 31.80 0.91 0.90 14 31 30 29 26
1494414234 113.898003 22.952158 31.80 0.91 0.90 14 31 30 29 26
1494414235 113.897961 22.952180 31.80 0.91 0.90 14 32 29 29 25
1494414236 113.897896 22.952193 31.70 0.89 0.90 14 32 29 28 25
1494414237 113.897866 22.952205 31.50 0.89 0.91 14 33 30 29 28
1494414238 113.897831 22.952236 31.00 0.89 0.91 14 48 34 31 28
1494414239 113.897791 22.952263 30.60 0.89 0.91 14 33 30 27 26
1494414240 113.897760 22.952276 30.30 1.02 0.91 14 32 29 28 26
1494414241 113.897736 22.952255 29.50 1.02 0.92 14 31 28 28 27
1494414242 113.897701 22.952221 29.50 1.02 0.92 14 37 31 28 28
1494414243 113.897695 22.952183 28.40 1.02 0.92 14 35 30 29 28
1494414244 113.897671 22.952151 28.20 0.84 0.92 14 35 30 29 28
1494414245 113.897651 22.952140 28.00 0.84 0.91 14 37 33 32 31
1494414246 113.897661 22.952133 28.20 0.84 0.91 14 37 32 32 32
1494414247 113.897665 22.952133 28.20 0.84 0.91 14 43 35 33 32
1494414248 113.897668 22.952138 28.20 0.79 0.91 14 43 34 34 32
1494414249 113.897676 22.952143 28.30 0.79 0.90 14 39 35 35 34
1494414250 113.897680 22.952146 28.30 0.79 0.90 14 39 36 35 34
1494414251 113.897680 22.952145 28.20 0.79 0.90 14 35 34 34 32
1494414252 113.897681 22.952146 28.20 1.06 0.90 14 35 34 34 32
1494414253 113.897681 22.952146 28.10 1.06 0.93 14 36 35 34 30
1494414254 113.897680 22.952148 28.10 1.06 0.93 14 36 35 34 30
1494414255 113.897680 22.952146 28.20 1.06 0.93 14 37 36 34 31
1494414256 113.897680 22.952146 28.30 0.80 0.93 14 37 36 34 32
1494414257 113.897678 22.952148 28.30 0.75 0.90 14 39 36 34 34
1494414258 113.897675 22.952151 28.30 0.75 0.81 14 37 36 34 33
1494414259 113.897671 22.952155 28.40 0.75 0.81 14 36 33 33 25
1494414260 113.897671 22.952153 28.40 0.95 0.81 14 36 33 33 25
1494414261 113.897670 22.952156 28.30 0.95 0.91 14 36 36 35 31
1494414262 113.897670 22.952158 28.00 0.95 0.91 14 36 36 36 30
1494414263 113.897668 22.952160 28.00 0.95 0.91 14 37 36 35 34
1494414264 113.897665 22.952161 28.00 0.89 0.91 14 38 36 35 34
1494414265 113.897661 22.952163 28.00 0.89 0.90 14 39 36 29 25
1494414266 113.897663 22.952166 27.90 0.89 0.90 14 39 36 29 25
1494414267 113.897665 22.952168 28.00 0.89 0.90 14 38 36 35 26
1494414268 113.897670 22.952171 28.00 0.85 0.90 14 37 36 35 27
1494414269 113.897673 22.952176 28.10 0.85 0.90 14 38 36 36 34
1494414270 113.897676 22.952178 28.10 0.85 0.90 14 38 36 36 33
1494414271 113.897678 22.952178 28.20 0.85 0.90 14 38 36 35 32
1494414272 113.897676 22.952190 28.40 0.95 0.90 14 38 36 34 31
1494414273 113.897671 22.952203 28.60 0.95 0.91 14 38 36 35 31
1494414274 113.897671 22.952208 28.60 0.95 0.91 14 38 36 35 31
1494414275 113.897671 22.952211 28.70 0.95 0.91 14 38 36 35 30
1494414276 113.897673 22.952218 28.80 0.82 0.91 14 38 36 35 29
1494414277 113.897678 22.952223 28.90 0.82 0.89 14 39 35 34 30
1494414278 113.897680 22.952225 28.90 0.82 0.89 14 39 34 33 30
1494414279 113.897681 22.952225 28.80 0.97 0.89 14 32 31 26 22
1494414280 113.897681 22.952223 29.00 0.83 0.92 14 33 31 22 21
1494414281 113.897683 22.952221 29.10 0.94 0.91 14 31 23 22 22
1494414282 113.897685 22.952223 29.10 0.90 0.92 14 31 31 27 23
1494414283 113.897686 22.952223 29.10 1.08 0.90 14 32 31 28 26
1494414284 113.897686 22.952225 29.20 1.13 0.90 14 33 31 27 27
1494414285 113.897688 22.952228 29.20 1.88 0.94 14 30 28 27 24
1494414286 113.897690 22.952231 29.20 1.08 0.98 14 31 30 24 24
1494414287 113.897691 22.952230 29.20 1.08 0.93 14 31 29 25 25
1494414288 113.897691 22.952225 29.20 1.08 0.93 14 31 30 27 26
1494414289 113.897690 22.952216 29.20 1.08 0.93 14 31 31 27 27
1494414290 113.897683 22.952206 29.30 1.08 0.93 14 31 31 28 27
1494414291 113.897681 22.952203 29.30 1.08 0.93 14 35 32 30 29
1494414292 113.897678 22.952193 29.30 1.29 0.93 14 35 32 30 29
1494414293 113.897678 22.952186 29.30 1.29 0.97 14 38 34 32 32
1494414294 113.897680 22.952191 29.30 1.29 0.97 14 38 34 33 32
1494414295 113.897678 22.952188 29.40 1.29 0.97 14 34 34 33 30
1494414296 113.897676 22.952190 29.50 0.87 0.97 14 35 34 33 30
1494414297 113.897676 22.952191 29.60 0.87 0.90 14 35 35 34 29
1494414298 113.897676 22.952188 29.70 0.87 0.90 14 36 35 34 29
1494414299 113.897676 22.952185 29.90 0.87 0.90 14 36 36 34 34
1494414300 113.897676 22.952186 30.00 0.83 0.90 14 36 36 34 34
1494414301 113.897676 22.952186 30.20 0.83 0.88 14 41 38 36 36
1494414302 113.897678 22.952185 30.20 0.83 0.88 14 41 38 36 36
1494414303 113.897681 22.952183 30.20 0.83 0.88 14 40 36 35 35
1494414304 113.897688 22.952180 30.20 0.86 0.88 14 39 36 35 35
1494414305 113.897693 22.952176 30.30 0.86 0.88 14 35 35 35 31
1494414306 113.897693 22.952176 30.40 0.86 0.88 14 35 35 34 31
1494414307 113.897693 22.952178 30.50 0.86 0.88 14 41 34 33 33
1494414308 113.897703 22.952176 30.60 0.81 0.88 14 41 34 33 32
1494414309 113.897696 22.952180 30.60 0.81 0.89 14 40 34 34 32
1494414310 113.897701 22.952178 30.60 0.81 0.89 14 39 35 34 32
1494414311 113.897700 22.952178 30.60 0.87 0.89 14 38 38 37 33
1494414312 113.897701 22.952178 30.60 0.74 0.91 14 39 38 38 33
1494414313 113.897700 22.952180 30.70 0.77 0.87 14 40 38 33 32
1494414314 113.897698 22.952181 30.90 0.77 0.88 14 40 37 31 31
1494414315 113.897698 22.952181 30.80 0.77 0.88 14 40 37 33 33
1494414316 113.897700 22.952181 30.90 0.90 0.88 14 40 37 34 33
1494414317 113.897700 22.952183 30.70 0.90 0.91 14 38 37 35 30
1494414318 113.897701 22.952186 30.60 0.90 0.91 14 37 37 35 30
1494414319 113.897701 22.952190 30.60 1.31 0.91 14 37 37 34 29
1494414320 113.897698 22.952191 30.60 0.98 0.92 14 38 37 32 28
1494414321 113.897700 22.952190 30.60 0.98 0.92 14 38 37 31 27
1494414322 113.897696 22.952193 30.60 0.98 0.92 14 38 37 30 26
1494414323 113.897698 22.952191 30.60 0.98 0.92 14 38 37 29 27
1494414324 113.897698 22.952190 30.50 1.34 0.92 14 38 37 28 28
1494414325 113.897700 22.952188 30.50 1.34 0.92 14 39 37 27 27
1494414326 113.897701 22.952188 30.40 1.34 0.92 14 39 37 26 26
1494414327 113.897701 22.952185 30.40 0.86 0.92 14 39 37 26 26
1494414328 113.897701 22.952185 30.50 0.76 0.89 14 37 37 36 27
1494414329 113.897705 22.952186 30.60 0.76 0.87 14 38 38 36 34
1494414330 113.897698 22.952186 30.50 0.76 0.87 14 39 38 36 34
1494414331 113.897696 22.952188 30.60 0.76 0.87 14 39 38 35 30
1494414332 113.897698 22.952186 30.60 0.81 0.87 14 39 38 35 30
1494414333 113.897701 22.952178 30.60 0.81 0.89 14 38 38 35 32
1494414334 113.897703 22.952176 30.60 0.81 0.89 14 38 38 35 32
1494414335 113.897706 22.952173 30.60 0.81 0.89 14 38 36 35 32
1494414336 113.897708 22.952171 30.50 0.80 0.89 14 38 35 35 32
1494414337 113.897710 22.952170 30.50 0.80 0.81 14 38 36 33 27
1494414338 113.897710 22.952171 30.50 0.80 0.81 14 38 36 33 27
1494414339 113.897710 22.952171 30.50 0.80 0.81 14 38 36 27 26
1494414340 113.897711 22.952173 30.60 0.91 0.81 14 38 36 27 26
1494414341 113.897710 22.952173 30.50 0.75 0.91 14 37 36 31 27
1494414342 113.897705 22.952175 30.50 0.71 0.81 14 37 36 34 32
1494414343 113.897698 22.952178 30.50 0.68 0.81 14 38 34 28 27
1494414344 113.897696 22.952180 30.60 0.66 0.80 14 39 34 33 26
1494414345 113.897693 22.952181 30.50 0.66 0.79 14 41 38 36 32
1494414346 113.897695 22.952181 30.60 0.66 0.79 14 42 37 36 31
1494414347 113.897696 22.952181 30.40 0.66 0.79 14 41 35 32 30
1494414348 113.897695 22.952185 30.40 0.97 0.79 14 40 34 32 30
1494414349 113.897696 22.952185 30.30 0.99 0.93 14 33 26 25 24
1494414350 113.897701 22.952188 30.30 0.99 0.93 14 34 29 27 25
1494414351 113.897706 22.952186 30.20 0.99 0.93 14 36 30 28 24
1494414352 113.897715 22.952181 30.20 0.95 0.93 14 37 30 29 23
1494414353 113.897718 22.952180 30.20 0.95 0.92 14 33 30 29 28
1494414354 113.897723 22.952176 30.10 0.95 0.92 14 33 30 29 28
1494414355 113.897728 22.952173 30.20 0.95 0.92 14 32 29 27 26
1494414356 113.897728 22.952173 30.20 1.10 0.92 14 32 29 27 26
1494414357 113.897730 22.952173 30.30 1.10 0.91 14 34 30 29 25
1494414358 113.897728 22.952168 30.40 1.10 0.91 14 35 30 29 25
1494414359 113.897728 22.952165 30.50 1.10 0.91 14 33 31 27 25
1494414360 113.897728 22.952166 30.60 1.25 0.91 14 33 32 27 25
1494414361 113.897730 22.952168 30.80 1.25 0.94 14 29 29 25 25
1494414362 113.897731 22.952170 30.80 1.25 0.94 14 30 29 25 25
1494414363 113.897731 22.952153 30.80 0.88 0.94 14 30 28 25 25
1494414364 113.897726 22.952131 30.90 1.10 0.90 14 37 33 31 29
1494414365 113.897720 22.952108 31.40 1.10 0.91 14 35 30 29 25
1494414366 113.897703 22.952086 31.80 1.10 0.91 14 36 30 29 25
1494414367 113.897690 22.952091 32.20 1.10 0.91 14 31 30 27 25
1494414368 113.897671 22.952091 32.60 0.93 0.91 14 32 30 27 25
1494414369 113.897646 22.952095 33.10 0.93 0.90 14 31 30 29 27
1494414370 113.897623 22.952115 33.30 0.93 0.90 14 30 30 28 27
1494414371 113.897595 22.952125 33.50 0.93 0.90 14 34 30 29 28
1494414372 113.897560 22.952148 33.80 0.87 0.90 14 34 30 28 28
1494414373 113.897541 22.952163 34.20 0.87 0.92 14 33 29 28 27
1494414374 113.897516 22.952181 35.10 0.78 0.92 14 33 28 28 26
1494414375 113.897485 22.952193 35.50 0.78 0.88 14 33 29 29 28
1494414376 113.897438 22.952221 35.80 0.81 0.88 14 33 30 30 29
1494414377 113.897398 22.952238 36.30 0.81 0.90 14 34 30 30 30
1494414378 113.897365 22.952258 36.70 0.81 0.90 14 36 34 30 30
1494414379 113.897325 22.952293 36.90 0.81 0.90 14 36 35 34 30
1494414380 113.897298 22.952321 37.10 1.01 0.90 14 36 36 34 30
1494414381 113.897275 22.952348 37.50 1.01 0.89 14 37 30 30 29
1494414382 113.897211 22.952366 39.10 0.84 0.89 14 37 30 30 29
1494414383 113.897121 22.952371 39.00 0.84 0.89 14 35 34 31 30
1494414384 113.897015 22.952365 39.50 1.01 0.89 14 37 34 34 32
1494414385 113.896970 22.952366 40.20 1.01 2.86 14 41 37 33 32
1494414386 113.896900 22.952348 40.20 1.01 2.86 14 41 37 33 32
1494414387 113.896875 22.952341 39.60 1.01 2.86 14 39 36 35 31
1494414388 113.896830 22.952351 39.50 0.74 2.86 14 38 35 35 30
1494414389 113.896810 22.952376 39.70 0.74 0.87 14 37 35 33 30
1494414390 113.896780 22.952365 39.90 0.74 0.87 14 43 36 35 34
1494414391 113.896745 22.952351 40.60 0.74 0.87 14 36 35 33 30
1494414392 113.896731 22.952333 40.70 0.85 0.87 14 36 34 33 30
1494414393 113.896746 22.952316 39.80 0.85 0.88 14 35 34 34 32
1494414394 113.896755 22.952285 40.30 0.85 0.88 14 48 35 34 34
1494414395 113.896760 22.952265 40.70 0.85 0.88 14 36 34 33 31
1494414396 113.896765 22.952235 41.50 0.85 0.88 14 36 34 33 31
1494414397 113.896765 22.952230 41.80 0.85 0.88 14 36 34 33 31
1494414398 113.896761 22.952228 42.10 0.85 0.88 14 42 36 34 33
1494414399 113.896761 22.952226 42.20 0.85 0.88 14 38 35 33 32
1494414400 113.896756 22.952228 42.50 0.78 0.88 14 38 36 33 32
1494414401 113.896758 22.952226 42.60 0.78 0.87 14 39 37 32 32
1494414402 113.896758 22.952228 42.90 0.78 0.87 14 39 37 32 32
1494414403 113.896751 22.952223 43.00 0.78 0.87 14 40 37 32 32
1494414404 113.896743 22.952221 43.30 0.87 0.87 14 40 37 32 32
1494414405 113.896740 22.952220 43.40 0.76 0.89 14 39 34 32 31
1494414406 113.896736 22.952218 43.70 0.76 0.85 14 37 34 32 30
1494414407 113.896733 22.952211 44.00 0.76 0.85 14 34 32 32 31
1494414408 113.896725 22.952210 44.30 1.03 0.85 14 34 32 32 31
1494414409 113.896735 22.952200 45.10 1.09 0.86 14 37 35 32 31
1494414410 113.896731 22.952195 45.40 0.82 0.87 14 42 39 37 34
1494414411 113.896711 22.952188 45.80 0.82 0.86 14 41 36 34 33
1494414412 113.896730 22.952195 45.60 0.73 0.86 14 41 38 33 32
1494414413 113.896716 22.952190 45.80 0.73 0.84 14 41 39 32 31
1494414414 113.896715 22.952190 45.80 0.73 0.84 14 41 39 32 31
1494414415 113.896716 22.952190 45.70 0.73 0.84 14 40 39 33 31
1494414416 113.896715 22.952190 45.50 1.03 0.84 14 39 39 33 31
1494414417 113.896718 22.952188 45.40 1.03 0.86 14 40 39 33 31
1494414418 113.896718 22.952191 45.30 1.03 0.86 14 40 39 33 31
1494414419 113.896720 22.952190 45.20 1.03 0.86 14 41 40 31 31
1494414420 113.896721 22.952191 45.10 1.03 0.86 14 41 40 31 31
1494414421 113.896718 22.952191 45.20 1.03 0.86 14 41 40 39 33
1494414422 113.896718 22.952191 45.30 1.03 0.86 14 41 40 39 34
1494414423 113.896718 22.952191 45.30 1.03 0.86 14 38 35 35 33
1494414424 113.896716 22.952191 45.30 0.83 0.86 14 37 36 35 33
1494414425 113.896715 22.952191 45.30 0.83 0.86 14 37 36 36 35
1494414426 113.896713 22.952191 45.30 0.83 0.86 14 37 36 36 35
1494414427 113.896710 22.952190 45.30 0.83 0.86 14 37 35 32 32
1494414428 113.896710 22.952188 45.30 0.83 0.86 14 37 35 33 32
1494414429 113.896706 22.952186 45.30 0.83 0.86 14 40 37 34 33
1494414430 113.896708 22.952185 45.40 0.83 0.86 14 40 37 34 33
1494414431 113.896708 22.952185 45.40 0.83 0.86 14 37 34 33 31
1494414432 113.896706 22.952180 45.40 1.89 0.89 14 33 32 31 29
1494414432 113.896703 22.952176 45.40 1.94 0.98 14 29 20 19 19
1494414434 113.896700 22.952170 45.50 1.94 0.97 14 35 31 31 29
1494414435 113.896700 22.952170 45.50 1.60 0.97 14 30 29 25 21
1494414436 113.896695 22.952165 45.50 1.03 0.89 14 30 29 26 26
1494414437 113.896691 22.952158 45.50 1.03 0.86 14 30 27 26 25
1494414438 113.896693 22.952153 45.60 1.31 0.86 14 28 25 25 23
1494414438 113.896703 22.952151 45.60 1.26 0.96 14 26 22 19 17
1494414440 113.896706 22.952146 45.70 1.26 0.92 14 25 24 20 18
1494414441 113.896696 22.952138 45.70 1.03 0.92 14 25 25 23 18
1494414442 113.896708 22.952146 45.70 1.03 0.90 14 27 26 26 24
1494414443 113.896733 22.952143 45.70 1.03 0.90 14 25 25 20 19
1494414444 113.896753 22.952135 45.60 1.17 0.90 14 25 24 20 19
1494414445 113.896728 22.952113 45.30 1.09 0.92 14 32 25 22 21
1494414446 113.896728 22.952111 45.30 1.09 0.87 13 39 34 32 32
1494414447 113.896726 22.952108 45.30 1.09 0.87 13 38 33 31 31
1494414448 113.896731 22.952110 45.30 1.09 0.87 13 38 33 31 31
1494414449 113.896738 22.952106 45.30 1.09 0.87 13 30 29 29 27
1494414450 113.896748 22.952108 45.10 1.09 0.87 13 30 28 28 27
1494414451 113.896751 22.952108 45.00 1.09 0.87 13 30 28 27 26
1494414452 113.896753 22.952108 45.00 1.09 0.87 13 30 28 26 26
1494414453 113.896755 22.952110 45.00 1.09 0.87 13 31 31 27 26
1494414454 113.896761 22.952118 45.10 1.09 0.87 13 32 31 27 26
1494414455 113.896756 22.952111 45.00 1.09 0.87 13 32 32 32 28
1494414456 113.896760 22.952115 45.10 1.10 0.87 13 32 32 32 28
1494414457 113.896756 22.952111 45.10 1.10 0.90 13 31 27 25 24
1494414458 113.896760 22.952115 45.10 1.10 0.90 13 31 26 25 24
1494414459 113.896755 22.952113 45.20 1.10 0.90 13 35 34 33 29
1494414460 113.896755 22.952113 45.30 1.09 0.90 13 35 34 34 29
1494414461 113.896755 22.952115 45.40 1.09 0.92 13 32 25 25 24
1494414462 113.896751 22.952115 45.40 1.09 0.92 13 31 25 25 24
1494414463 113.896748 22.952113 45.40 1.09 0.92 13 30 29 27 26
1494414464 113.896743 22.952113 45.40 1.13 0.92 13 29 29 28 27
1494414464 113.896735 22.952110 45.50 1.12 0.95 13 29 28 28 25
1494414466 113.896718 22.952100 45.70 0.89 0.90 13 29 29 26 24
1494414467 113.896715 22.952098 46.10 0.89 0.90 13 30 28 25 23
1494414468 113.896710 22.952096 46.20 0.89 0.90 13 30 29 26 22
1494414469 113.896706 22.952093 46.30 0.82 0.90 13 28 27 26 21
1494414470 113.896706 22.952090 46.40 0.82 0.89 14 28 27 27 20
1494414471 113.896706 22.952090 46.50 0.79 0.89 14 29 28 27 21
1494414472 113.896705 22.952088 46.50 0.91 0.86 14 29 29 27 22
1494414473 113.896706 22.952091 46.50 0.76 0.87 14 30 30 27 23
1494414474 113.896706 22.952091 46.50 0.76 0.85 14 30 30 28 23
1494414475 113.896708 22.952095 46.30 0.76 0.85 14 31 30 28 23
1494414476 113.896711 22.952098 46.00 0.88 0.85 14 31 30 28 23
1494414477 113.896715 22.952093 45.50 0.88 0.89 14 31 31 29 24
1494414478 113.896721 22.952090 44.90 0.88 0.89 14 32 31 29 25
1494414479 113.896720 22.952086 45.10 0.88 0.89 14 32 31 29 24
1494414480 113.896718 22.952085 45.20 0.93 0.89 14 32 31 29 23
1494414481 113.896716 22.952085 45.00 0.93 0.91 14 32 32 30 24
1494414482 113.896715 22.952083 44.80 0.93 0.91 14 32 32 30 24
1494414483 113.896713 22.952083 44.80 0.93 0.91 14 32 32 30 24
1494414484 113.896711 22.952081 44.80 0.93 0.91 14 32 32 30 24
1494414485 113.896713 22.952078 44.90 0.93 0.91 14 32 32 29 24
1494414486 113.896713 22.952075 45.10 0.93 0.91 14 32 32 29 24
1494414487 113.896711 22.952073 45.20 0.93 0.91 14 32 32 29 25
1494414488 113.896710 22.952070 45.40 1.73 0.91 14 32 32 29 25
1494414489 113.896708 22.952066 45.60 1.73 0.92 14 32 32 29 25
1494414490 113.896705 22.952066 45.80 1.73 0.92 14 32 32 29 25
1494414491 113.896705 22.952066 45.90 1.09 0.92 14 32 32 29 26
1494414492 113.896700 22.952065 45.90 0.93 0.87 14 32 32 29 26
1494414493 113.896691 22.952055 46.20 0.79 0.87 14 32 32 29 26
1494414494 113.896685 22.952048 46.50 0.79 0.87 14 32 31 29 21
1494414495 113.896680 22.952043 46.80 0.79 0.87 14 32 30 29 20
1494414496 113.896680 22.952043 46.80 0.79 0.87 14 32 31 30 26
1494414497 113.896678 22.952040 46.90 0.79 0.87 14 32 31 30 25
1494414498 113.896678 22.952040 47.20 0.79 0.87 14 32 32 31 26
1494414499 113.896680 22.952041 47.20 0.79 0.87 14 32 32 31 27
1494414500 113.896683 22.952043 47.30 0.93 0.87 14 32 32 31 27
1494414501 113.896685 22.952045 47.00 0.93 0.91 14 32 31 30 26
1494414502 113.896690 22.952048 46.50 0.93 0.91 14 32 31 30 26
1494414503 113.896693 22.952048 46.10 0.93 0.91 14 31 30 29 19
1494414504 113.896693 22.952046 46.20 1.04 0.91 14 31 30 29 19
1494414505 113.896693 22.952046 46.20 1.04 0.94 14 30 30 28 18
1494414506 113.896691 22.952045 46.30 1.04 0.94 14 30 30 28 18
1494414507 113.896690 22.952040 46.20 1.04 0.94 14 30 30 28 19
1494414508 113.896690 22.952036 46.00 1.23 0.94 14 30 30 28 19
1494414509 113.896690 22.952035 45.90 1.23 0.95 14 29 29 27 18
1494414510 113.896688 22.952033 45.90 1.23 0.95 14 29 29 27 18
1494414511 113.896686 22.952030 45.80 1.23 0.95 14 31 31 28 22
1494414512 113.896681 22.952030 45.80 1.16 0.95 14 32 32 29 22
1494414513 113.896676 22.952030 45.90 1.16 0.88 13 34 34 31 28
1494414514 113.896671 22.952045 45.90 1.16 0.88 13 35 35 32 28
1494414515 113.896675 22.952031 45.80 1.16 0.88 13 36 36 34 33
1494414516 113.896673 22.952040 45.90 1.09 0.88 13 37 37 35 33
1494414517 113.896673 22.952036 45.80 1.09 0.87 13 36 36 34 27
1494414518 113.896673 22.952038 45.80 1.09 0.87 13 36 36 34 27
1494414519 113.896673 22.952038 45.80 1.09 0.87 13 35 35 34 26
1494414520 113.896673 22.952038 45.80 1.08 0.87 13 35 34 34 26
1494414521 113.896673 22.952038 45.80 1.02 0.87 14 35 34 34 30
1494414522 113.896670 22.952038 45.90 1.02 0.86 14 35 34 33 28
1494414523 113.896665 22.952036 45.90 1.10 0.86 14 33 32 28 28
1494414524 113.896661 22.952030 46.00 1.16 0.88 14 39 33 33 32
1494414524 113.896656 22.952023 46.20 1.08 0.88 14 37 33 27 26
1494414526 113.896656 22.952015 46.30 1.08 0.87 14 29 25 25 24
1494414527 113.896655 22.952005 46.40 1.02 0.87 14 27 25 25 23
1494414528 113.896660 22.951985 46.60 1.02 0.86 14 25 23 23 22
1494414529 113.896676 22.951968 46.70 1.02 0.86 14 23 22 21 21
1494414530 113.896688 22.951950 46.80 1.26 0.86 14 21 20 19 14
1494414531 0.000000 0.000000 0.00 0.00 3.08 14 12 12 11 10
1494414532 0.000000 0.000000 0.00 0.00 0.00 14 0 0 0 0
1494414533 0.000000 0.000000 0.00 0.00 0.00 14 0 0 0 0
1494414534 0.000000 0.000000 0.00 0.00 0.00 14 0 0 0 0
1494414535 0.000000 0.000000 0.00 0.00 0.00 13 0 0 0 0
1494414536 0.000000 0.000000 0.00 0.00 0.00 13 0 0 0 0
1494414537 0.000000 0.000000 0.00 0.00 0.00 13 0 0 0 0
1494414538 113.897028 22.951676 47.00 1.30 0.00 13 18 0 0 0
1494414539 113.896988 22.951636 46.80 1.17 0.96 13 21 21 18 18
1494414540 113.896943 22.951598 46.60 1.69 0.94 13 21 21 18 17
1494414541 113.896705 22.951573 45.80 1.69 0.96 14 29 27 25 24
1494414542 113.896736 22.951528 45.90 1.69 0.96 14 36 33 33 33
1494414543 113.896758 22.951495 45.80 1.69 0.96 14 36 35 32 29
1494414544 113.896790 22.951480 45.60 0.89 0.96 14 36 35 32 29
1494414545 113.896803 22.951470 45.50 0.89 0.86 14 37 36 30 30
1494414546 113.896780 22.951440 45.40 0.89 0.86 14 52 37 36 30
1494414547 113.896768 22.951416 45.20 0.89 0.86 14 38 35 34 30
1494414548 113.896790 22.951381 44.40 0.93 0.86 14 38 35 34 30
1494414549 113.896801 22.951353 43.80 0.93 0.89 14 41 36 34 32
1494414550 113.896805 22.951328 42.90 0.93 0.89 14 52 41 35 32
1494414551 113.896810 22.951301 42.20 0.93 0.89 14 37 37 36 36
1494414552 113.896801 22.951285 42.00 0.89 0.89 14 37 37 37 36
1494414553 113.896798 22.951268 40.80 0.82 0.86 14 41 38 38 37
1494414554 113.896796 22.951250 40.10 0.93 0.88 14 43 41 38 38
1494414555 113.896795 22.951233 39.40 0.79 0.86 14 40 38 36 36
1494414556 113.896810 22.951235 39.40 0.75 0.85 14 40 37 35 34
1494414556 113.896820 22.951221 39.30 0.72 0.86 14 40 36 36 35
1494414558 113.896831 22.951226 38.30 0.72 0.89 14 38 36 35 32
1494414559 113.896840 22.951235 37.10 0.88 0.89 14 39 36 36 34
1494414560 113.896841 22.951241 35.90 0.88 0.87 14 47 43 36 36
1494414561 113.896845 22.951241 35.60 0.83 0.87 14 46 45 42 38
1494414562 113.896846 22.951243 35.30 0.90 0.88 14 41 39 36 33
1494414563 113.896848 22.951246 35.20 0.89 0.86 14 43 42 41 41
1494414564 113.896850 22.951246 35.30 0.92 0.86 14 42 42 42 41
1494414565 113.896850 22.951246 35.30 0.92 0.88 14 45 42 41 41
1494414566 113.896846 22.951241 35.30 0.92 0.88 14 45 43 41 40
1494414567 113.896846 22.951236 35.30 0.92 0.88 14 41 38 36 34
1494414568 113.896841 22.951233 35.10 0.99 0.88 14 40 38 36 34
1494414569 113.896838 22.951231 34.90 0.99 0.89 14 37 36 34 34
1494414570 113.896835 22.951231 34.70 0.99 0.89 14 37 35 34 34
1494414571 113.896833 22.951231 34.50 0.99 0.89 14 37 35 35 34
1494414572 113.896830 22.951235 34.20 1.01 0.89 14 37 36 35 34
1494414573 113.896830 22.951233 34.20 1.01 0.88 14 37 35 35 33
1494414574 113.896830 22.951236 34.20 1.01 0.88 14 37 35 35 33
1494414575 113.896833 22.951241 34.10 1.01 0.88 14 44 43 37 34
1494414576 113.896836 22.951243 34.10 0.94 0.88 14 44 43 37 34
1494414577 113.896838 22.951248 34.30 0.94 0.89 14 43 38 38 33
1494414578 113.896838 22.951250 34.30 0.94 0.89 14 43 38 38 33
1494414579 113.896840 22.951250 34.30 0.94 0.89 14 43 38 35 31
1494414580 113.896838 22.951250 34.40 1.02 0.89 14 43 38 35 31
1494414581 113.896838 22.951251 34.40 1.02 0.87 14 42 38 37 33
1494414582 113.896838 22.951251 34.40 1.02 0.87 14 42 38 37 33
1494414583 113.896840 22.951251 34.40 1.02 0.87 14 41 38 36 34
1494414584 113.896841 22.951251 34.40 1.02 0.87 14 41 38 36 35
1494414585 113.896843 22.951251 34.40 1.02 0.87 14 40 38 36 34
1494414586 113.896843 22.951250 34.40 1.02 0.87 14 40 38 36 34
1494414587 113.896846 22.951250 34.20 0.92 0.87 14 39 38 38 37
1494414588 113.896845 22.951248 34.30 1.19 0.88 14 40 39 39 37
1494414589 113.896845 22.951246 34.40 0.98 0.94 14 44 41 40 37
1494414590 113.896846 22.951248 34.40 0.92 0.89 14 45 42 41 38
1494414591 113.896848 22.951248 34.50 1.06 0.88 14 46 43 42 38
1494414592 113.896848 22.951248 34.50 0.86 0.91 14 46 43 43 38
1494414593 113.896850 22.951250 34.50 1.20 0.88 14 46 44 43 38
1494414594 113.896848 22.951251 34.40 1.20 0.94 14 46 44 43 38
1494414595 113.896845 22.951253 34.40 1.20 0.94 14 46 44 43 38
1494414596 113.896841 22.951253 34.40 0.98 0.94 14 46 44 43 38
1494414597 113.896840 22.951251 34.40 0.98 0.89 14 36 35 33 32
1494414598 113.896840 22.951248 34.40 0.98 0.89 14 36 35 33 32
1494414599 113.896838 22.951245 34.40 0.98 0.89 14 41 40 35 32
1494414600 113.896838 22.951240 34.30 0.95 0.89 14 41 40 35 32
1494414601 113.896838 22.951235 34.30 0.95 0.89 14 45 42 37 36
1494414602 113.896840 22.951233 34.20 0.95 0.89 14 45 42 37 37
1494414603 113.896840 22.951231 34.20 0.95 0.89 14 45 42 38 37
1494414604 113.896841 22.951230 34.20 1.07 0.89 14 45 42 38 37
1494414605 113.896843 22.951228 34.30 1.07 0.89 14 45 41 38 38
1494414606 113.896843 22.951228 34.30 1.07 0.89 14 45 41 39 38
1494414607 113.896845 22.951226 34.30 1.07 0.89 14 45 40 39 38
1494414608 113.896845 22.951226 34.30 0.95 0.89 14 45 40 39 38
1494414609 113.896846 22.951228 34.40 0.95 0.89 14 45 40 39 38
1494414610 113.896848 22.951226 34.40 0.95 0.89 14 45 40 39 38
1494414610 113.896848 22.951226 34.30 1.06 0.89 14 45 40 39 38
1494414612 113.896850 22.951225 34.40 0.90 0.91 14 45 40 39 38
1494414613 113.896850 22.951221 34.60 0.90 0.89 14 45 40 39 38
1494414614 113.896851 22.951220 34.60 0.96 0.89 14 45 40 39 38
1494414615 113.896851 22.951220 34.60 0.98 0.89 14 45 40 39 38
1494414616 113.896850 22.951220 34.60 1.36 0.89 14 45 40 39 38
1494414617 113.896850 22.951221 34.60 1.01 0.96 14 44 40 36 35
1494414618 113.896850 22.951225 34.70 0.99 0.91 14 44 44 40 38
1494414619 113.896850 22.951230 34.60 0.88 0.94 14 44 44 43 39
1494414620 113.896850 22.951231 34.40 0.84 0.87 14 43 43 39 35
1494414621 113.896850 22.951236 34.30 0.88 0.86 14 44 42 41 39
1494414622 113.896848 22.951238 34.10 0.88 0.87 14 44 42 40 39
1494414623 113.896848 22.951236 34.20 0.90 0.87 14 45 42 40 36
1494414624 113.896848 22.951238 34.10 0.96 0.89 14 46 42 40 38
1494414625 113.896850 22.951241 33.90 0.96 0.88 14 46 43 40 38
1494414626 113.896856 22.951243 33.80 0.96 0.88 14 46 43 40 38
