1494412869 0.000000 0.000000 0.00 0.00 0.00 0 0 0 0 0
1494412870 113.896878 22.951143 10.10 1.42 0.00 12 36 34 0 0
1494412871 113.896783 22.951165 10.00 1.24 0.93 12 39 35 32 29
1494412872 113.896778 22.951171 10.10 0.95 0.93 12 42 40 37 33
1494412873 113.896783 22.951218 12.20 0.90 0.88 13 40 39 39 37
1494412874 113.896798 22.951196 12.00 0.83 0.83 13 43 39 37 36
1494412875 113.896790 22.951206 12.40 0.78 0.83 13 41 39 38 37
1494412876 113.896766 22.951230 12.00 0.77 0.81 13 39 38 37 34
1494412878 113.896755 22.951240 11.60 0.80 0.78 13 37 37 36 35
1494412879 113.896756 22.951243 11.00 0.77 0.82 13 41 36 36 36
1494412880 113.896761 22.951241 10.60 0.77 0.78 13 40 37 36 36
1494412881 113.896760 22.951240 10.20 0.77 0.78 13 40 38 37 36
1494412882 113.896760 22.951238 10.10 0.77 0.78 13 43 38 37 36
1494412883 113.896760 22.951236 10.10 0.77 0.78 13 43 38 37 36
1494412884 113.896760 22.951233 10.10 0.78 0.78 13 42 38 38 37
1494412885 113.896758 22.951231 10.00 0.78 0.81 13 42 39 38 38
1494412886 113.896760 22.951230 10.00 0.78 0.81 13 42 39 38 38
1494412887 113.896761 22.951230 10.00 0.78 0.81 13 35 35 34 32
1494412888 113.896761 22.951231 9.90 0.87 0.81 13 34 34 34 32
1494412889 113.896763 22.951230 9.90 0.87 0.78 13 37 35 34 33
1494412890 113.896763 22.951226 9.90 0.87 0.78 13 37 36 34 32
1494412891 113.896763 22.951228 9.90 0.87 0.78 13 40 39 36 35
1494412892 113.896765 22.951228 10.00 1.04 0.78 13 40 39 35 35
1494412893 113.896765 22.951230 10.00 1.04 0.82 13 39 35 33 33
1494412894 113.896766 22.951233 10.00 1.04 0.82 13 38 35 32 32
1494412895 113.896768 22.951238 10.00 1.04 0.82 13 37 37 36 33
1494412896 113.896770 22.951240 10.00 1.05 0.82 13 37 37 36 33
1494412897 113.896771 22.951243 10.00 1.05 0.84 13 36 36 35 32
1494412898 113.896775 22.951245 10.00 1.05 0.84 13 36 35 34 31
1494412899 113.896775 22.951245 10.00 1.05 0.84 13 35 34 33 31
1494412900 113.896773 22.951246 10.10 1.15 0.84 13 35 34 32 31
1494412901 113.896773 22.951248 10.10 1.15 0.88 13 40 38 35 33
1494412901 113.896770 22.951241 10.10 0.96 0.88 13 40 38 36 33
1494412903 113.896768 22.951240 10.10 0.96 0.84 13 39 38 36 35
1494412904 113.896793 22.951236 10.40 0.87 0.84 13 39 38 36 36
1494412905 113.896795 22.951238 10.40 1.02 0.78 13 39 38 36 36
1494412906 113.896795 22.951238 10.50 1.02 0.79 13 39 38 36 34
1494412907 113.896795 22.951238 10.60 0.87 0.79 13 39 38 36 35
1494412908 113.896796 22.951238 10.60 1.02 0.78 13 38 37 36 35
1494412909 113.896798 22.951240 10.70 1.02 0.79 13 37 37 35 34
1494412910 113.896798 22.951240 10.70 1.02 0.79 13 37 37 36 34
1494412911 113.896800 22.951241 10.80 1.02 0.79 13 37 37 37 35
1494412912 113.896800 22.951241 10.80 1.02 0.79 13 37 37 37 35
1494412912 113.896798 22.951243 10.90 0.87 0.88 13 39 37 35 35
1494412914 113.896798 22.951243 10.90 0.87 0.78 13 36 36 36 36
1494412915 113.896800 22.951246 10.90 0.87 0.78 13 36 36 35 35
1494412916 113.896800 22.951248 10.90 0.96 0.78 13 37 37 35 34
1494412917 113.896800 22.951250 10.90 0.96 0.84 13 38 37 36 34
1494412918 113.896800 22.951251 10.90 0.96 0.84 13 39 37 37 35
1494412919 113.896801 22.951251 10.90 0.96 0.84 13 39 38 37 36
1494412920 113.896800 22.951250 10.90 0.94 0.84 13 39 39 37 36
1494412921 113.896800 22.951248 10.90 0.94 0.81 13 40 39 37 36
1494412922 113.896798 22.951246 10.90 0.94 0.81 13 41 39 37 36
1494412923 113.896796 22.951246 11.00 0.94 0.81 13 40 36 36 35
1494412924 113.896795 22.951245 11.00 0.94 0.81 13 40 36 36 34
1494412925 113.896791 22.951243 11.00 0.94 0.81 13 39 36 36 36
1494412926 113.896791 22.951243 11.00 0.94 0.81 13 39 36 36 36
1494412927 113.896793 22.951245 11.00 0.94 0.81 13 37 37 35 34
1494412928 113.896793 22.951246 11.10 1.15 0.81 13 40 38 36 35
1494412929 113.896791 22.951246 11.10 1.15 0.88 13 39 37 36 36
1494412930 113.896790 22.951248 11.20 1.15 0.88 13 38 37 36 36
1494412930 113.896791 22.951246 11.20 0.87 0.88 13 37 37 36 36
1494412932 113.896791 22.951246 11.30 0.87 0.78 13 37 37 36 36
1494412933 113.896791 22.951246 11.30 0.87 0.78 13 37 37 37 36
1494412934 113.896791 22.951246 11.30 0.87 0.78 13 37 37 36 36
1494412935 113.896791 22.951246 11.20 0.87 0.78 13 37 37 36 36
1494412936 113.896791 22.951246 11.20 0.87 0.78 13 38 37 37 36
1494412937 113.896791 22.951246 11.20 0.87 0.78 13 38 37 37 37
1494412938 113.896791 22.951246 11.20 0.87 0.78 13 38 37 37 37
1494412939 113.896791 22.951246 11.30 0.87 0.78 13 38 37 37 36
1494412940 113.896791 22.951246 11.30 0.87 0.78 13 39 37 36 36
1494412941 113.896790 22.951246 11.20 0.87 0.78 13 37 37 36 36
1494412942 113.896798 22.951250 10.90 0.87 0.78 13 36 33 30 27
1494412943 113.896811 22.951251 10.50 0.87 0.78 13 35 31 30 27
1494412944 113.896830 22.951253 10.20 0.87 0.78 13 35 30 28 27
1494412945 113.896848 22.951251 9.90 0.87 0.79 13 35 29 29 28
1494412946 113.896880 22.951261 9.60 0.87 0.79 13 44 35 30 29
1494412947 113.896920 22.951270 9.40 0.87 0.79 13 34 34 30 29
1494412948 113.896960 22.951278 9.10 1.24 0.79 13 34 33 31 29
1494412949 113.897001 22.951290 8.90 1.24 1.83 13 34 32 30 28
1494412950 113.897048 22.951305 8.60 1.24 1.83 13 52 48 34 31
1494412951 113.897093 22.951318 8.40 1.24 1.83 13 35 31 30 28
1494412952 113.897131 22.951323 8.20 1.15 1.83 13 36 31 30 28
1494412953 113.897166 22.951328 8.20 1.15 0.88 13 34 31 28 28
1494412954 113.897200 22.951328 8.10 1.15 0.88 13 36 32 28 28
1494412955 113.897233 22.951328 8.00 1.15 0.88 13 34 31 28 28
1494412956 113.897268 22.951330 7.90 1.15 0.88 13 33 30 28 28
1494412957 113.897310 22.951335 7.90 1.15 0.88 13 29 28 27 25
1494412958 113.897355 22.951336 7.80 1.15 0.88 13 29 27 27 26
1494412959 113.897395 22.951341 7.80 1.24 0.88 13 29 29 27 25
1494412960 113.897438 22.951356 7.90 1.24 0.89 13 29 29 26 24
1494412961 113.897475 22.951361 7.90 1.24 0.89 13 30 29 26 24
1494412962 113.897510 22.951363 8.00 0.94 0.89 13 34 30 29 26
1494412963 113.897540 22.951370 8.20 0.90 0.90 13 41 31 28 27
1494412964 113.897580 22.951390 8.50 0.83 0.88 13 41 30 29 27
1494412965 113.897591 22.951365 9.10 0.83 0.86 13 40 40 37 34
1494412966 113.897608 22.951353 9.80 0.83 0.86 13 40 39 37 37
1494412967 113.897613 22.951353 9.80 0.83 0.86 13 39 38 38 37
1494412968 113.897611 22.951343 9.80 0.75 0.86 13 38 37 31 31
1494412969 113.897608 22.951336 9.90 0.75 0.85 13 44 40 36 33
1494412970 113.897610 22.951333 9.90 0.75 0.85 13 44 41 33 28
1494412971 113.897608 22.951333 9.90 0.75 0.85 13 44 42 33 32
1494412972 113.897608 22.951333 10.00 0.82 0.85 13 44 42 33 32
1494412973 113.897605 22.951331 9.60 0.75 0.85 13 44 43 33 30
1494412974 113.897603 22.951328 9.50 0.75 0.81 13 44 43 34 29
1494412975 113.897603 22.951325 9.50 0.72 0.81 13 44 43 34 28
1494412976 113.897603 22.951326 9.50 0.68 0.81 13 44 43 34 30
1494412977 113.897603 22.951325 9.50 0.68 0.80 13 44 43 34 29
1494412978 113.897601 22.951326 9.50 0.68 0.80 13 44 43 34 30
1494412979 113.897600 22.951325 9.40 0.68 0.80 13 43 43 33 29
1494412980 113.897600 22.951321 9.40 0.68 0.80 13 43 42 30 29
1494412981 113.897598 22.951320 9.30 0.68 0.80 13 43 42 33 30
1494412982 113.897598 22.951316 9.30 0.68 0.80 13 43 42 33 30
1494412983 113.897596 22.951315 9.30 0.68 0.80 13 44 42 32 30
1494412984 113.897596 22.951315 9.30 0.68 0.80 13 45 42 32 30
1494412985 113.897596 22.951311 9.30 0.68 0.80 13 44 41 38 34
1494412986 113.897595 22.951308 9.30 0.68 0.80 13 44 40 38 35
1494412987 113.897593 22.951305 9.30 0.68 0.80 13 43 39 38 35
1494412988 113.897593 22.951301 9.30 0.68 0.80 13 43 40 35 30
1494412989 113.897591 22.951300 9.30 0.68 0.80 13 43 41 34 30
1494412990 113.897590 22.951298 9.30 0.68 0.80 13 44 42 33 30
1494412991 113.897590 22.951296 9.30 0.68 0.80 13 44 33 32 30
1494412992 113.897588 22.951295 9.30 0.68 0.80 13 44 41 32 30
1494412993 113.897590 22.951291 9.30 0.68 0.80 13 44 41 32 30
1494412994 113.897588 22.951291 9.30 0.68 0.80 13 44 41 31 30
1494412995 113.897590 22.951291 9.30 0.68 0.80 13 44 41 30 27
1494412996 113.897590 22.951291 9.40 0.68 0.80 13 44 41 30 26
1494412997 113.897590 22.951290 9.40 0.68 0.80 13 44 41 30 26
1494412998 113.897590 22.951290 9.40 0.68 0.80 13 44 40 29 25
1494412999 113.897588 22.951290 9.40 0.68 0.80 13 44 40 29 25
1494413000 113.897588 22.951290 9.40 0.68 0.80 13 44 40 32 29
1494413001 113.897588 22.951288 9.40 0.68 0.80 13 44 40 32 29
1494413002 113.897588 22.951290 9.40 0.68 0.80 13 44 40 32 29
1494413003 113.897588 22.951288 9.40 0.72 0.80 13 44 40 31 29
1494413004 113.897588 22.951286 9.30 0.72 0.81 13 43 40 31 29
1494413005 113.897588 22.951285 9.20 0.68 0.81 13 43 41 32 30
1494413006 113.897588 22.951285 9.20 0.68 0.80 13 41 40 40 32
1494413007 113.897588 22.951283 9.30 0.80 0.80 13 40 40 39 33
1494413008 113.897590 22.951283 9.20 0.80 0.86 13 40 39 39 34
1494413009 113.897590 22.951283 9.20 0.74 0.86 13 41 39 27 26
1494413010 113.897588 22.951281 9.10 0.74 0.85 13 42 40 28 27
1494413011 113.897588 22.951280 9.10 0.74 0.85 13 42 40 30 29
1494413012 113.897588 22.951278 9.10 0.74 0.85 13 43 40 31 30
1494413013 113.897588 22.951278 9.10 0.74 0.85 13 43 40 31 30
1494413014 113.897588 22.951278 9.10 0.74 0.85 13 43 40 31 30
1494413015 113.897588 22.951278 9.10 0.74 0.85 13 43 41 32 30
1494413016 113.897588 22.951278 9.10 0.74 0.85 13 43 41 32 30
1494413017 113.897588 22.951278 9.10 0.74 0.85 13 43 41 31 30
1494413018 113.897588 22.951280 9.20 0.76 0.85 13 42 41 40 31
1494413019 113.897588 22.951278 9.20 0.74 0.85 13 41 40 39 32
1494413020 113.897588 22.951276 9.20 0.74 0.85 13 41 40 32 29
1494413021 113.897590 22.951275 9.20 0.74 0.85 13 42 41 32 29
1494413022 113.897590 22.951275 9.20 0.74 0.85 13 42 41 33 29
1494413023 113.897590 22.951275 9.20 0.74 0.85 13 42 41 33 29
1494413024 113.897590 22.951273 9.20 0.74 0.85 13 42 41 33 29
1494413025 113.897590 22.951273 9.20 0.76 0.85 13 42 41 33 29
1494413026 113.897588 22.951271 9.20 0.76 0.87 13 42 41 33 29
1494413027 113.897588 22.951270 9.20 0.76 0.87 13 42 41 33 29
1494413028 113.897590 22.951270 9.10 0.76 0.87 13 42 40 37 35
1494413029 113.897590 22.951270 9.20 0.76 0.87 13 40 38 37 36
1494413030 113.897591 22.951268 9.30 0.76 0.87 13 40 39 34 30
1494413031 113.897590 22.951266 9.30 0.70 0.87 13 41 40 34 30
1494413032 113.897591 22.951266 9.30 0.70 0.82 13 41 40 33 30
1494413033 113.897591 22.951266 9.30 0.70 0.82 13 42 40 33 30
1494413034 113.897591 22.951266 9.30 0.70 0.82 13 42 40 33 30
1494413035 113.897591 22.951265 9.20 0.70 0.82 13 42 40 33 31
1494413036 113.897591 22.951263 9.30 0.87 0.82 13 42 40 33 31
1494413037 113.897586 22.951260 9.10 0.87 0.93 13 43 41 27 26
1494413038 113.897581 22.951256 9.10 0.87 0.93 13 44 41 26 26
1494413039 113.897578 22.951256 9.00 0.87 0.93 13 41 39 31 30
1494413040 113.897576 22.951251 9.00 0.76 0.93 13 41 39 31 30
1494413041 113.897575 22.951255 8.90 0.76 0.87 13 41 39 33 30
1494413042 113.897573 22.951253 8.90 0.76 0.87 13 41 39 34 30
1494413043 113.897573 22.951253 9.10 0.76 0.87 13 41 39 35 31
1494413044 113.897573 22.951253 9.20 0.74 0.87 13 41 39 35 32
1494413045 113.897573 22.951255 9.30 0.74 0.85 13 41 39 35 32
1494413046 113.897573 22.951255 9.40 0.74 0.85 13 41 39 35 32
1494413047 113.897575 22.951256 9.50 0.74 0.85 13 41 39 35 32
1494413048 113.897575 22.951256 9.50 0.82 0.85 13 41 39 35 32
1494413049 113.897576 22.951255 9.50 0.82 0.87 13 41 38 35 32
1494413050 113.897575 22.951255 9.50 0.82 0.87 13 41 38 35 32
1494413051 113.897573 22.951256 9.50 0.80 0.87 13 39 38 36 33
1494413052 113.897570 22.951256 9.50 0.76 0.90 13 37 35 32 32
1494413053 113.897568 22.951258 9.50 0.79 0.86 13 37 36 34 33
1494413054 113.897566 22.951260 9.50 0.74 0.86 13 37 36 34 34
1494413055 113.897566 22.951258 9.60 0.74 0.85 13 37 36 35 34
1494413056 113.897566 22.951258 9.50 0.74 0.85 13 38 36 36 35
1494413057 113.897566 22.951258 9.40 0.74 0.85 13 38 36 35 35
1494413058 113.897566 22.951258 9.30 0.74 0.85 13 38 37 35 35
1494413059 113.897566 22.951258 9.40 0.79 0.85 13 38 37 35 35
1494413060 113.897566 22.951258 9.30 0.79 0.85 13 38 37 36 35
1494413061 113.897566 22.951260 9.30 0.74 0.85 13 38 38 36 34
1494413062 113.897566 22.951260 9.30 0.74 0.85 13 38 38 36 33
1494413063 113.897568 22.951260 9.30 0.74 0.85 13 38 38 37 33
1494413064 113.897568 22.951258 9.30 0.74 0.85 13 39 38 37 34
1494413065 113.897568 22.951258 9.20 0.74 0.85 13 38 38 33 32
1494413066 113.897566 22.951258 9.20 0.74 0.85 13 38 37 33 32
1494413067 113.897568 22.951258 9.10 0.74 0.85 13 36 33 31 29
1494413068 113.897570 22.951258 9.00 0.81 0.85 13 35 33 30 28
1494413069 113.897571 22.951258 9.00 0.81 0.88 13 36 34 32 31
1494413070 113.897573 22.951258 9.00 0.81 0.88 13 36 33 32 31
1494413071 113.897570 22.951258 9.10 0.81 0.88 13 36 33 32 31
1494413072 113.897570 22.951260 9.20 0.76 0.88 13 36 33 32 31
1494413073 113.897570 22.951263 9.30 0.76 0.87 13 37 33 32 31
1494413074 113.897570 22.951263 9.40 0.76 0.87 13 38 34 32 30
1494413075 113.897568 22.951266 9.30 0.76 0.87 13 39 35 33 33
1494413076 113.897570 22.951266 9.50 0.79 0.87 13 40 36 33 33
1494413077 113.897570 22.951268 9.50 0.79 0.86 13 41 37 31 31
1494413078 113.897568 22.951265 9.40 0.79 0.86 13 41 38 30 30
1494413079 113.897571 22.951261 9.50 0.79 0.86 13 42 37 29 28
1494413080 113.897571 22.951261 9.60 0.74 0.86 13 43 36 28 28
1494413081 113.897573 22.951260 9.60 0.74 0.85 13 43 36 35 34
1494413082 113.897573 22.951260 9.70 0.74 0.85 13 43 36 35 34
1494413083 113.897573 22.951260 9.60 0.74 0.85 13 42 36 33 29
1494413084 113.897571 22.951261 9.90 0.79 0.85 13 42 36 33 29
1494413085 113.897571 22.951260 9.90 0.79 0.86 13 42 36 32 28
1494413086 113.897575 22.951258 9.90 0.79 0.86 13 42 36 31 28
1494413087 113.897571 22.951258 9.90 0.79 0.86 13 42 37 30 28
1494413088 113.897573 22.951256 9.90 0.76 0.86 13 42 37 30 28
1494413089 113.897573 22.951256 9.80 0.76 0.86 13 42 37 31 28
1494413090 113.897573 22.951256 9.80 0.76 0.86 13 42 37 32 28
1494413091 113.897573 22.951258 9.80 0.76 0.86 13 41 38 32 29
1494413092 113.897573 22.951260 9.90 0.88 0.86 13 41 38 32 29
1494413093 113.897573 22.951261 9.90 0.88 0.87 13 40 38 28 27
1494413094 113.897570 22.951263 9.90 0.88 0.87 13 40 38 28 27
1494413095 113.897566 22.951265 9.90 0.88 0.87 13 40 38 30 29
1494413096 113.897568 22.951265 9.90 0.84 0.87 13 40 38 30 30
1494413097 113.897566 22.951266 9.90 0.84 0.88 13 41 38 31 30
1494413098 113.897566 22.951270 9.90 0.84 0.88 13 41 38 32 30
1494413099 113.897566 22.951298 9.90 0.84 0.88 13 40 38 31 30
1494413100 113.897575 22.951330 10.00 1.15 0.88 13 40 38 32 30
1494413101 113.897586 22.951366 10.20 1.15 0.92 13 38 31 26 26
1494413102 113.897601 22.951411 10.30 1.15 0.92 13 38 34 32 26
1494413103 113.897613 22.951453 10.50 1.15 0.92 13 38 33 32 30
1494413104 113.897625 22.951480 10.70 1.17 0.92 13 38 33 31 30
1494413105 113.897633 22.951508 10.90 1.17 0.94 13 38 31 31 30
1494413106 113.897643 22.951535 11.00 1.17 0.94 13 38 31 30 30
1494413107 113.897660 22.951563 11.10 1.17 0.94 13 38 31 29 29
1494413108 113.897658 22.951580 11.40 1.23 0.94 13 38 31 29 29
1494413109 113.897663 22.951595 11.60 1.23 0.92 12 38 29 28 27
1494413110 113.897661 22.951611 11.80 1.23 0.92 12 38 29 28 27
1494413111 113.897660 22.951631 12.00 1.23 0.92 12 38 29 27 25
1494413112 113.897625 22.951636 12.50 1.92 0.92 12 38 29 27 25
1494413113 113.897650 22.951648 13.00 1.92 4.06 12 33 29 29 28
1494413114 113.897693 22.951653 13.50 1.92 4.06 12 40 33 29 28
1494413115 113.897728 22.951651 14.00 1.92 4.06 12 39 27 27 24
1494413116 113.897761 22.951665 14.40 1.49 4.06 12 38 27 26 24
1494413117 113.897798 22.951676 14.70 1.49 0.96 12 31 27 26 25
1494413118 113.897830 22.951683 15.10 1.49 0.96 12 31 27 26 25
1494413119 113.897856 22.951686 15.40 1.49 0.96 12 31 29 26 26
1494413120 113.897890 22.951691 15.90 1.34 0.96 12 31 28 27 26
1494413121 113.897920 22.951690 16.30 1.34 0.97 12 29 28 28 27
1494413122 113.897951 22.951713 17.00 1.34 0.97 12 29 28 28 27
1494413123 113.897976 22.951731 17.60 1.34 0.97 12 31 30 29 26
1494413124 113.898008 22.951731 18.10 1.26 0.97 12 31 31 30 25
1494413125 113.898038 22.951733 18.80 1.26 0.94 12 31 31 29 27
1494413126 113.898068 22.951761 19.00 1.26 0.94 12 40 31 29 28
1494413127 113.898095 22.951770 19.30 1.26 0.94 12 31 31 29 28
1494413128 113.898121 22.951761 19.70 0.94 0.94 12 31 31 29 28
1494413128 113.898151 22.951746 19.90 0.94 0.92 13 40 30 26 25
1494413130 113.898153 22.951690 20.20 0.94 0.92 13 37 32 25 25
1494413131 113.898160 22.951666 20.20 0.94 0.92 13 40 39 37 36
1494413132 113.898171 22.951636 20.10 0.89 0.92 13 40 39 37 36
1494413133 113.898170 22.951626 19.80 0.89 0.91 13 40 39 37 36
1494413134 113.898163 22.951625 20.00 0.89 0.91 13 46 40 38 37
1494413135 113.898156 22.951623 20.10 0.89 0.91 13 43 37 35 29
1494413136 113.898153 22.951621 20.30 0.91 0.91 13 43 37 35 29
1494413137 113.898153 22.951621 20.50 0.91 0.90 13 41 34 33 29
1494413138 113.898155 22.951618 20.80 0.91 0.90 13 41 34 33 29
1494413139 113.898158 22.951613 21.10 0.91 0.90 13 42 41 37 29
1494413140 113.898165 22.951606 21.20 1.01 0.90 13 42 41 37 29
1494413141 113.898166 22.951603 21.50 1.01 0.91 13 41 38 30 28
1494413142 113.898166 22.951603 21.50 1.01 0.91 13 40 38 30 27
1494413143 113.898168 22.951601 21.70 1.01 0.91 13 37 34 34 33
1494413144 113.898166 22.951601 21.80 0.84 0.91 13 37 34 34 33
1494413145 113.898166 22.951600 21.80 0.84 0.92 13 38 38 35 35
1494413146 113.898165 22.951600 21.80 0.84 0.92 13 38 38 36 36
1494413147 113.898165 22.951598 21.80 0.84 0.92 13 38 38 37 36
1494413148 113.898165 22.951600 21.80 0.92 0.92 13 38 38 37 36
1494413149 113.898165 22.951598 21.80 0.92 0.91 13 39 38 38 35
1494413150 113.898165 22.951600 21.80 0.92 0.91 13 40 38 38 35
1494413151 113.898165 22.951600 21.90 0.92 0.91 13 40 38 38 35
1494413152 113.898163 22.951600 21.90 0.88 0.91 13 40 38 38 35
1494413153 113.898161 22.951600 21.90 0.88 0.89 13 40 38 38 35
1494413154 113.898161 22.951601 21.90 0.88 0.89 13 40 38 38 35
1494413155 113.898160 22.951603 21.90 0.88 0.89 13 40 38 38 34
1494413156 113.898160 22.951603 22.00 0.97 0.89 13 40 38 38 34
1494413157 113.898158 22.951603 22.00 0.97 0.93 13 40 38 38 33
1494413158 113.898158 22.951603 22.00 0.97 0.93 13 40 38 38 33
1494413159 113.898156 22.951603 22.00 0.97 0.93 13 40 38 38 34
1494413160 113.898156 22.951605 22.00 0.90 0.93 13 40 38 38 34
1494413161 113.898156 22.951605 22.00 0.90 0.89 13 40 38 38 34
1494413162 113.898155 22.951605 22.00 0.90 0.89 13 40 38 38 34
1494413163 113.898155 22.951605 22.00 0.90 0.89 13 40 38 37 34
1494413164 113.898155 22.951605 22.00 0.92 0.89 13 40 38 36 34
1494413165 113.898153 22.951605 22.00 0.92 0.91 13 40 38 37 34
1494413166 113.898153 22.951605 22.00 0.92 0.91 13 40 38 37 34
1494413167 113.898153 22.951605 22.00 0.92 0.91 13 40 38 38 34
1494413168 113.898153 22.951605 22.00 0.92 0.91 13 40 38 38 34
1494413169 113.898151 22.951606 22.00 0.92 0.91 13 40 38 38 34
1494413170 113.898151 22.951606 22.00 0.92 0.91 13 40 38 38 34
1494413171 113.898151 22.951605 21.90 0.92 0.91 13 40 38 38 34
1494413172 113.898151 22.951601 21.90 0.92 0.91 13 40 38 38 34
1494413173 113.898153 22.951598 21.90 0.92 0.91 13 40 38 38 34
1494413174 113.898153 22.951596 21.90 0.92 0.91 13 40 38 38 34
1494413175 113.898155 22.951595 21.90 0.92 0.91 13 40 38 37 33
1494413176 113.898155 22.951593 22.00 0.97 0.91 13 40 38 36 33
1494413177 113.898155 22.951591 21.90 0.97 0.93 13 40 38 36 33
1494413178 113.898155 22.951591 21.90 0.97 0.93 13 40 38 36 33
1494413179 113.898155 22.951590 21.90 0.97 0.93 13 39 38 36 33
1494413180 113.898155 22.951590 21.90 1.01 0.93 13 39 38 36 33
1494413181 113.898155 22.951590 21.90 1.01 0.93 13 39 38 36 33
1494413182 113.898155 22.951588 21.80 1.01 0.93 13 39 38 36 33
1494413183 113.898155 22.951588 21.80 1.01 0.93 13 39 38 36 33
1494413184 113.898155 22.951588 21.80 0.91 0.93 13 39 38 36 33
1494413185 113.898155 22.951588 21.80 0.91 0.91 13 39 38 36 33
1494413186 113.898156 22.951588 21.80 0.91 0.91 13 39 38 36 33
1494413187 113.898156 22.951586 21.80 0.91 0.91 13 39 37 36 34
1494413188 113.898156 22.951586 21.80 0.91 0.91 13 39 37 36 35
1494413189 113.898156 22.951586 21.80 0.91 0.91 13 39 38 37 37
1494413190 113.898155 22.951586 21.80 0.91 0.91 13 39 39 37 37
1494413191 113.898153 22.951586 21.80 0.91 0.91 13 41 38 37 34
1494413192 113.898151 22.951590 21.80 0.91 0.91 13 42 38 37 35
1494413193 113.898150 22.951591 21.80 0.91 0.91 13 41 40 38 35
1494413194 113.898148 22.951593 21.80 0.91 0.91 13 41 40 38 35
1494413195 113.898150 22.951590 21.70 0.91 0.91 13 37 34 33 31
1494413196 113.898151 22.951590 21.70 0.91 0.91 13 36 34 33 31
1494413197 113.898151 22.951588 21.70 0.91 0.91 13 34 34 33 32
1494413198 113.898153 22.951588 21.70 0.91 0.91 13 35 33 33 32
1494413199 113.898151 22.951588 21.70 0.91 0.91 13 36 34 34 30
1494413200 113.898150 22.951585 21.80 1.11 0.91 13 36 35 35 31
1494413200 113.898151 22.951580 21.70 0.93 0.93 12 35 35 35 32
1494413202 113.898151 22.951576 21.70 0.93 0.89 12 35 35 35 32
1494413203 113.898150 22.951575 21.70 0.93 0.89 12 35 34 34 33
1494413204 113.898148 22.951576 21.70 0.93 0.89 13 35 34 33 33
1494413205 113.898155 22.951576 21.70 0.77 0.89 13 35 34 33 31
1494413206 113.898150 22.951578 21.70 0.83 0.83 13 39 36 36 32
1494413207 113.898156 22.951576 21.70 0.83 0.83 13 45 40 35 29
1494413208 113.898153 22.951575 21.50 0.79 0.83 13 45 41 34 29
1494413209 113.898155 22.951571 21.40 0.79 0.83 13 45 42 33 30
1494413210 113.898153 22.951568 21.30 0.74 0.83 13 45 42 32 30
1494413211 113.898153 22.951565 21.10 0.74 0.83 13 45 42 31 30
1494413212 113.898151 22.951563 21.00 0.74 0.83 13 45 42 30 30
1494413213 113.898153 22.951563 20.90 0.74 0.83 13 45 42 31 30
1494413214 113.898151 22.951561 20.90 0.74 0.83 13 45 42 31 29
1494413215 113.898150 22.951558 20.80 0.74 0.83 13 45 42 31 29
1494413216 113.898148 22.951555 20.70 0.74 0.83 13 45 43 31 29
1494413217 113.898148 22.951555 20.60 0.80 0.83 13 45 43 32 29
1494413218 113.898151 22.951555 20.70 0.80 0.89 13 45 43 32 30
1494413219 113.898153 22.951553 20.70 0.80 0.89 13 44 43 31 31
1494413220 113.898160 22.951561 20.90 0.90 0.89 13 44 43 32 31
1494413221 113.898160 22.951556 20.40 0.90 0.89 13 44 43 32 31
1494413222 113.898158 22.951558 20.00 0.90 0.89 13 44 43 32 31
1494413223 113.898160 22.951560 20.20 0.90 0.89 13 44 43 32 31
1494413224 113.898165 22.951561 20.30 0.90 0.89 13 44 43 32 31
1494413225 113.898170 22.951561 20.40 0.90 0.89 13 45 43 32 32
1494413226 113.898171 22.951565 20.40 0.90 0.89 13 45 43 32 32
1494413227 113.898175 22.951566 20.40 0.90 0.89 13 45 43 32 32
1494413228 113.898176 22.951568 20.30 1.03 0.89 13 45 43 32 32
1494413229 113.898180 22.951570 20.30 1.03 0.92 13 45 43 32 32
1494413230 113.898178 22.951571 20.20 1.03 0.92 13 45 43 32 32
1494413231 113.898180 22.951573 20.30 1.03 0.92 13 45 43 32 31
1494413232 113.898178 22.951575 20.30 1.00 0.92 13 45 43 32 31
1494413233 113.898180 22.951576 20.30 1.00 0.90 13 45 42 31 31
1494413234 113.898180 22.951576 20.30 1.00 0.90 13 45 42 31 31
1494413235 113.898183 22.951575 20.40 1.00 0.90 13 42 40 37 31
1494413236 113.898185 22.951576 20.40 0.93 0.90 13 42 40 37 31
1494413237 113.898186 22.951576 20.40 0.93 0.89 13 43 40 36 33
1494413238 113.898186 22.951576 20.50 0.93 0.89 13 43 40 35 33
1494413239 113.898188 22.951576 20.50 0.93 0.89 13 44 42 39 33
1494413240 113.898188 22.951576 20.50 1.00 0.89 13 44 42 38 33
1494413241 113.898188 22.951576 20.50 1.00 0.92 13 44 42 36 30
1494413242 113.898188 22.951576 20.50 1.00 0.92 13 44 42 35 30
1494413243 113.898188 22.951576 20.60 1.00 0.92 13 44 41 35 30
1494413244 113.898188 22.951578 20.70 0.91 0.92 13 44 41 35 30
1494413245 113.898188 22.951578 20.70 0.91 0.92 13 44 41 35 34
1494413246 113.898188 22.951576 20.70 0.91 0.92 13 44 41 35 34
1494413247 113.898186 22.951576 20.70 0.91 0.92 13 44 41 36 34
1494413248 113.898186 22.951576 20.80 0.93 0.92 13 44 41 36 34
1494413249 113.898190 22.951576 20.80 0.93 0.89 13 36 36 35 27
1494413250 113.898193 22.951575 20.80 0.93 0.89 13 36 36 35 27
1494413251 113.898200 22.951568 20.80 0.93 0.89 13 36 35 35 28
1494413252 113.898208 22.951565 20.90 1.11 0.89 13 36 35 34 29
1494413253 113.898215 22.951563 21.00 1.11 0.93 13 44 41 36 35
1494413254 113.898218 22.951563 21.00 1.11 0.93 13 44 41 36 35
1494413255 113.898220 22.951561 21.10 1.11 0.93 13 44 39 36 36
1494413256 113.898221 22.951561 21.20 0.93 0.93 13 44 38 37 36
1494413257 113.898221 22.951560 21.10 0.93 0.89 13 42 36 36 34
1494413258 113.898215 22.951570 21.20 0.93 0.89 13 41 35 35 33
1494413259 113.898210 22.951583 21.40 0.93 0.89 13 40 37 33 33
1494413260 113.898201 22.951603 21.40 1.18 0.89 13 39 38 33 32
1494413261 113.898200 22.951628 21.30 1.18 0.95 13 33 31 28 25
1494413262 113.898208 22.951660 21.50 1.18 0.95 13 33 30 28 25
1494413263 113.898225 22.951691 21.60 1.18 0.95 13 33 32 30 24
1494413264 113.898235 22.951726 21.60 1.37 0.95 13 33 32 30 24
1494413265 113.898245 22.951755 21.60 1.37 0.92 12 33 29 29 28
1494413266 113.898260 22.951768 21.60 1.37 0.92 12 34 29 29 28
1494413267 113.898270 22.951781 21.60 1.37 0.92 12 36 29 25 24
1494413268 113.898278 22.951810 21.50 1.24 0.92 12 37 29 25 24
1494413269 113.898276 22.951833 21.50 1.24 0.86 13 37 35 31 27
1494413270 113.898291 22.951855 21.30 1.24 0.86 13 43 37 32 27
1494413271 113.898305 22.951876 21.10 1.24 0.86 13 39 34 30 28
1494413272 113.898300 22.951903 20.90 1.39 0.86 13 40 35 30 28
1494413273 113.898291 22.951936 20.50 1.39 0.93 13 38 34 32 26
1494413274 113.898291 22.951963 20.60 1.39 0.93 13 46 37 37 33
1494413275 113.898288 22.951988 20.70 1.39 0.93 13 37 33 27 26
1494413276 113.898265 22.952018 20.30 1.38 0.93 13 37 33 28 26
1494413277 113.898195 22.952035 20.20 1.38 0.95 13 36 36 32 28
1494413278 113.898231 22.952070 22.00 1.38 0.95 13 37 35 31 28
1494413279 113.898233 22.952091 23.30 1.38 0.95 13 41 37 35 33
1494413280 113.898215 22.952106 23.60 0.95 0.95 13 41 37 35 32
1494413281 113.898193 22.952115 24.00 0.95 0.92 13 34 31 29 27
1494413282 113.898156 22.952133 24.50 0.95 0.92 13 34 30 29 27
1494413283 113.898123 22.952143 24.80 0.95 0.92 13 35 33 32 23
1494413284 113.898095 22.952148 25.30 0.83 0.92 13 35 33 33 23
1494413285 113.898073 22.952141 25.60 0.83 0.86 13 34 33 32 23
1494413286 113.898036 22.952136 26.80 0.83 0.86 13 34 33 32 23
1494413287 113.898000 22.952133 27.90 0.83 0.86 13 36 33 33 29
1494413288 113.897956 22.952130 28.80 0.93 0.86 13 36 34 33 29
1494413289 113.897915 22.952130 29.40 0.93 0.87 13 34 33 33 26
1494413290 113.897883 22.952133 30.10 0.93 0.87 13 52 44 34 33
1494413291 113.897855 22.952138 30.70 0.93 0.87 13 35 29 29 29
1494413292 113.897838 22.952146 31.00 1.09 0.87 13 35 29 29 29
1494413293 113.897816 22.952151 31.20 1.09 0.88 13 35 30 29 29
1494413294 113.897771 22.952160 31.10 1.09 0.88 13 35 30 30 29
1494413295 113.897745 22.952151 31.30 1.09 0.88 13 35 34 32 28
1494413296 113.897718 22.952155 31.50 1.01 0.88 13 35 34 33 28
1494413297 113.897691 22.952156 31.90 1.01 0.94 13 35 34 32 32
1494413298 113.897673 22.952153 32.20 1.01 0.94 13 48 34 32 31
1494413299 113.897665 22.952150 32.50 1.01 0.94 13 33 33 32 27
1494413300 113.897668 22.952151 32.60 0.85 0.94 13 34 33 32 27
1494413301 113.897670 22.952153 32.50 0.85 0.85 13 44 37 35 33
1494413302 113.897670 22.952156 32.30 0.85 0.85 13 44 37 35 34
1494413303 113.897671 22.952161 32.30 0.85 0.85 13 42 35 33 28
1494413304 113.897671 22.952166 32.50 0.97 0.85 13 41 35 33 27
1494413305 113.897671 22.952170 32.60 0.97 0.93 13 41 37 35 30
1494413306 113.897668 22.952176 32.70 0.97 0.93 13 41 37 35 30
1494413307 113.897666 22.952185 32.70 0.97 0.93 13 40 35 32 31
1494413308 113.897658 22.952190 32.80 0.90 0.93 13 39 35 33 31
1494413309 113.897650 22.952195 32.90 0.90 0.85 13 40 35 32 30
1494413310 113.897643 22.952196 33.00 0.90 0.85 13 41 35 31 30
1494413311 113.897638 22.952200 33.10 0.90 0.85 13 40 36 31 30
1494413312 113.897633 22.952201 33.20 0.91 0.85 13 40 37 31 30
1494413313 113.897631 22.952201 33.20 0.91 0.91 13 41 35 32 28
1494413314 113.897633 22.952200 33.20 0.91 0.91 13 42 34 32 28
1494413315 113.897636 22.952198 33.20 0.91 0.91 13 42 34 33 27
1494413316 113.897636 22.952195 33.30 0.91 0.91 13 42 35 33 27
1494413317 113.897638 22.952193 33.30 0.91 0.91 13 42 35 33 28
1494413318 113.897640 22.952195 33.30 0.91 0.91 13 42 35 33 28
1494413319 113.897640 22.952193 33.40 0.91 0.91 13 42 35 33 28
1494413320 113.897641 22.952195 33.40 0.86 0.91 13 42 35 33 28
1494413321 113.897640 22.952196 33.40 0.86 0.89 13 41 34 32 26
1494413322 113.897638 22.952198 33.40 0.86 0.89 13 40 33 32 27
1494413323 113.897635 22.952200 33.40 0.86 0.89 13 41 37 31 31
1494413324 113.897633 22.952201 33.50 1.18 0.89 13 41 37 30 30
1494413324 113.897630 22.952203 33.40 1.01 0.94 13 41 29 28 25
1494413326 113.897631 22.952206 33.50 0.84 0.95 13 42 29 26 25
1494413327 113.897630 22.952213 33.50 0.82 0.91 13 41 26 25 24
1494413328 113.897626 22.952218 33.50 0.78 0.90 13 42 29 24 23
1494413329 113.897630 22.952220 33.50 0.79 0.84 13 42 31 28 23
1494413330 113.897638 22.952223 33.60 0.79 0.84 13 42 33 30 27
1494413331 113.897645 22.952220 33.60 0.79 0.84 13 40 34 34 26
1494413332 113.897648 22.952216 33.60 0.88 0.84 13 39 34 34 26
1494413333 113.897638 22.952220 33.80 0.88 0.85 13 40 35 30 25
1494413334 113.897623 22.952228 34.00 0.88 0.85 13 40 35 30 25
1494413335 113.897618 22.952230 34.10 0.88 0.85 13 40 36 34 25
1494413336 113.897616 22.952228 34.10 0.95 0.85 13 40 37 34 25
1494413337 113.897613 22.952226 34.10 0.95 0.88 13 41 36 30 29
1494413338 113.897611 22.952225 34.20 0.95 0.88 13 41 36 30 29
1494413339 113.897608 22.952223 34.20 0.95 0.88 13 41 36 30 30
1494413340 113.897605 22.952221 34.20 1.12 0.88 13 41 36 30 30
1494413341 113.897603 22.952218 34.30 0.94 0.97 13 41 36 31 25
1494413342 113.897600 22.952213 34.40 0.94 0.93 13 40 35 35 28
1494413343 113.897600 22.952210 34.40 0.94 0.93 13 40 36 31 28
1494413344 113.897598 22.952203 34.50 1.20 0.93 13 40 36 31 28
1494413345 113.897591 22.952203 34.50 0.79 0.93 13 39 30 29 27
1494413346 113.897590 22.952205 34.60 0.79 0.86 13 39 31 30 26
1494413347 113.897590 22.952203 34.60 0.79 0.86 13 39 31 27 26
1494413348 113.897595 22.952201 34.60 1.01 0.86 13 39 31 27 26
1494413349 113.897605 22.952196 34.60 1.01 0.92 13 39 30 28 25
1494413350 113.897611 22.952195 34.60 1.01 0.92 13 39 30 29 25
1494413350 113.897623 22.952191 34.50 1.20 0.92 13 37 28 27 26
1494413352 113.897645 22.952185 34.50 0.86 0.95 13 36 28 26 26
1494413353 113.897678 22.952175 34.50 0.86 0.91 13 35 34 29 25
1494413354 113.897681 22.952175 34.50 0.86 0.91 13 35 34 29 25
1494413355 113.897678 22.952173 34.50 0.93 0.91 13 35 27 25 23
1494413356 113.897675 22.952171 34.40 0.81 0.95 14 35 24 24 23
1494413357 113.897678 22.952168 34.40 0.81 0.84 14 35 28 28 26
1494413358 113.897675 22.952168 34.50 0.81 0.84 14 35 26 26 25
1494413359 113.897671 22.952168 34.50 0.81 0.84 14 35 30 26 24
1494413360 113.897676 22.952161 34.50 0.87 0.84 14 35 30 26 24
1494413361 113.897678 22.952156 34.40 0.87 0.87 14 36 28 26 26
1494413362 113.897683 22.952155 34.40 0.87 0.87 14 36 28 26 26
1494413363 113.897685 22.952158 34.40 1.15 0.87 14 37 30 27 25
1494413364 113.897691 22.952163 34.50 0.91 0.93 14 38 26 22 19
1494413365 113.897690 22.952168 34.70 0.96 0.93 14 38 24 23 22
1494413366 113.897688 22.952175 34.90 0.95 0.93 14 38 25 22 21
1494413367 113.897691 22.952180 35.10 0.88 0.93 14 38 30 24 24
1494413368 113.897693 22.952180 35.30 0.91 0.93 13 38 28 25 25
1494413369 113.897690 22.952181 35.50 0.91 0.93 13 38 27 26 26
1494413370 113.897686 22.952183 35.50 0.91 0.93 13 38 26 26 26
1494413371 113.897683 22.952185 35.50 0.91 0.93 13 38 27 26 25
1494413372 113.897680 22.952183 35.50 1.52 0.93 13 38 27 26 25
1494413373 113.897685 22.952176 35.50 1.43 0.97 13 38 25 24 23
1494413374 113.897688 22.952178 35.50 0.97 0.96 13 37 27 26 21
1494413375 113.897683 22.952180 35.50 0.88 0.93 13 37 27 25 23
1494413376 113.897675 22.952190 35.60 0.91 0.93 13 38 29 28 25
1494413377 113.897665 22.952193 35.70 0.91 0.93 13 37 33 31 30
1494413378 113.897658 22.952200 35.80 0.91 0.93 13 36 27 25 25
1494413379 113.897648 22.952205 35.80 0.91 0.93 13 37 33 26 26
1494413380 113.897633 22.952196 36.00 1.31 0.93 13 38 33 27 26
1494413381 113.897626 22.952195 36.20 1.31 0.97 14 43 37 36 34
1494413382 113.897628 22.952195 36.20 1.31 0.97 14 43 37 35 34
1494413383 113.897628 22.952198 36.30 1.31 0.97 14 41 36 35 35
1494413384 113.897630 22.952200 36.40 1.41 0.97 14 40 36 35 35
1494413385 113.897631 22.952200 36.50 1.41 0.93 14 42 39 37 36
1494413386 113.897628 22.952201 36.50 1.41 0.93 14 42 38 37 36
1494413387 113.897628 22.952203 36.50 1.41 0.93 14 42 39 38 35
1494413388 113.897628 22.952203 36.60 1.14 0.93 14 42 39 38 35
1494413389 113.897628 22.952205 36.60 1.14 0.93 13 42 39 38 35
1494413390 113.897628 22.952205 36.60 1.14 0.93 13 42 39 38 35
1494413391 113.897631 22.952205 36.70 1.14 0.93 13 42 38 38 34
1494413392 113.897635 22.952205 36.80 1.65 0.93 13 42 38 38 34
1494413393 113.897638 22.952205 37.00 1.65 0.98 13 42 37 37 32
1494413394 113.897638 22.952205 37.10 1.65 0.98 13 42 37 37 31
1494413395 113.897640 22.952203 37.10 1.65 0.98 13 42 38 36 30
1494413396 113.897641 22.952203 37.20 1.19 0.98 13 42 38 36 29
1494413397 113.897641 22.952205 37.20 1.19 0.93 14 42 39 28 27
1494413398 113.897643 22.952203 37.20 1.19 0.93 14 42 40 27 27
1494413399 113.897646 22.952201 37.30 1.19 0.93 14 40 33 29 27
1494413400 113.897656 22.952198 37.30 1.03 0.93 14 40 33 29 27
1494413401 113.897660 22.952200 37.30 1.03 0.93 14 40 33 30 30
1494413402 113.897658 22.952200 37.30 1.03 0.93 14 40 33 31 30
1494413403 113.897653 22.952198 37.40 1.03 0.93 14 38 32 31 30
1494413404 113.897651 22.952195 37.40 0.98 0.93 14 37 33 32 30
1494413405 113.897650 22.952193 37.40 0.98 0.95 14 37 33 32 30
1494413406 113.897650 22.952190 37.40 0.98 0.95 14 37 33 32 30
1494413407 113.897653 22.952188 37.40 0.98 0.95 14 37 33 32 29
1494413408 113.897651 22.952190 37.40 1.00 0.95 14 37 33 32 29
1494413409 113.897655 22.952188 37.40 1.00 0.93 14 37 33 32 29
1494413410 113.897656 22.952188 37.40 1.00 0.93 14 37 33 32 29
1494413411 113.897658 22.952186 37.40 1.00 0.93 14 36 33 32 25
1494413412 113.897656 22.952185 37.40 0.86 0.93 14 36 33 32 25
1494413413 113.897653 22.952183 37.40 0.86 0.84 14 36 33 32 25
1494413414 113.897653 22.952181 37.40 0.86 0.84 14 36 33 32 25
1494413415 113.897653 22.952181 37.40 0.86 0.84 14 36 33 33 26
1494413416 113.897650 22.952180 37.40 1.18 0.84 14 36 34 33 26
1494413417 113.897645 22.952176 37.40 1.18 0.88 14 36 33 33 25
1494413418 113.897641 22.952175 37.50 1.18 0.88 14 36 33 33 25
1494413419 113.897638 22.952171 37.50 1.18 0.88 14 34 34 27 27
1494413420 113.897643 22.952175 37.50 0.82 0.88 14 34 33 27 27
1494413421 113.897648 22.952178 37.60 0.82 0.90 14 33 29 27 26
1494413422 113.897658 22.952180 37.60 0.82 0.90 14 33 29 28 26
1494413423 113.897668 22.952180 37.60 0.82 0.90 14 34 34 30 29
1494413424 113.897675 22.952176 37.60 1.26 0.90 14 35 34 30 30
1494413425 113.897670 22.952180 37.60 1.26 0.96 14 36 32 31 30
1494413426 113.897675 22.952178 37.60 1.26 0.96 14 37 32 31 30
1494413427 113.897673 22.952178 37.60 1.26 0.96 14 38 34 32 31
1494413428 113.897673 22.952178 37.60 1.27 0.96 14 39 34 32 31
1494413429 113.897675 22.952176 37.60 1.27 0.96 14 38 30 27 25
1494413430 113.897675 22.952173 37.60 1.27 0.96 14 38 29 27 25
1494413431 113.897671 22.952171 37.60 1.27 0.96 14 37 29 28 23
1494413432 113.897666 22.952171 37.60 1.11 0.96 14 37 29 28 24
1494413433 113.897666 22.952170 37.60 1.11 0.95 14 38 37 36 27
1494413434 113.897663 22.952173 37.70 1.11 0.95 14 38 37 36 27
1494413435 113.897656 22.952175 37.70 1.11 0.95 14 40 36 36 30
1494413436 113.897661 22.952173 37.70 0.89 0.95 14 41 36 36 30
1494413437 113.897658 22.952171 37.60 0.89 0.88 14 40 36 34 27
1494413438 113.897653 22.952173 37.60 0.89 0.88 14 39 36 33 27
1494413439 113.897648 22.952176 37.50 0.89 0.88 14 39 36 33 31
1494413440 113.897648 22.952175 37.50 0.89 0.88 14 39 36 33 31
1494413441 113.897648 22.952170 37.40 0.89 0.85 14 38 37 37 32
1494413442 113.897641 22.952168 37.40 0.89 0.85 14 38 37 37 32
1494413443 113.897646 22.952168 37.60 0.89 0.85 14 41 33 30 29
1494413444 113.897626 22.952180 37.70 0.84 0.85 14 41 33 30 29
1494413445 113.897593 22.952191 37.70 1.07 0.85 14 35 32 27 27
1494413446 113.897546 22.952211 37.80 1.07 1.94 14 32 29 25 25
1494413447 113.897500 22.952230 37.90 1.07 1.94 14 33 31 29 27
1494413448 113.897455 22.952263 37.90 1.09 1.94 14 34 31 29 27
1494413449 113.897400 22.952291 37.80 1.09 0.88 14 35 33 27 27
1494413450 113.897351 22.952306 37.80 1.09 0.88 14 35 35 33 27
1494413451 113.897301 22.952323 37.70 1.09 0.88 14 36 32 28 28
1494413452 113.897260 22.952335 37.80 0.82 0.88 14 36 31 28 28
1494413453 113.897215 22.952350 37.80 0.82 0.86 14 37 31 24 24
1494413454 113.897170 22.952350 37.60 0.82 0.86 14 41 37 31 24
1494413455 113.897128 22.952348 37.50 0.82 0.86 14 36 32 29 28
1494413456 113.897103 22.952358 37.50 1.05 0.86 14 35 33 29 28
1494413457 113.897080 22.952376 37.50 1.05 0.89 14 35 33 30 29
1494413458 113.897056 22.952391 37.30 1.05 0.89 14 50 35 33 29
1494413459 113.897031 22.952403 37.20 1.05 0.89 14 35 32 29 25
1494413460 113.897001 22.952415 37.00 0.87 0.89 14 35 32 29 25
1494413461 113.896991 22.952428 37.20 0.87 0.88 14 40 36 34 33
1494413462 113.896938 22.952408 37.40 0.87 0.88 14 52 40 36 35
1494413463 113.896888 22.952391 37.60 0.87 0.88 14 37 33 30 28
1494413464 113.896870 22.952391 37.50 0.86 0.88 14 37 33 30 28
1494413465 113.896855 22.952386 37.50 0.86 0.86 14 40 39 33 30
1494413466 113.896815 22.952368 37.70 0.86 0.86 14 43 39 33 30
1494413467 113.896776 22.952355 37.80 0.86 0.86 14 39 38 33 32
1494413468 113.896730 22.952318 37.90 0.87 0.86 14 39 38 33 32
1494413469 113.896681 22.952293 37.90 0.87 0.88 14 39 38 33 30
1494413470 113.896618 22.952263 36.70 0.87 0.88 14 42 41 39 33
1494413471 113.896575 22.952245 36.10 0.87 0.88 14 34 33 33 29
1494413472 113.896541 22.952245 36.30 1.11 0.88 14 34 33 33 29
1494413473 113.896521 22.952255 36.30 1.11 0.87 14 39 36 34 28
1494413474 113.896521 22.952253 36.30 1.11 0.87 14 43 36 35 34
1494413475 113.896520 22.952258 36.20 1.11 0.87 14 37 37 35 34
1494413476 113.896515 22.952261 36.30 1.60 0.87 14 37 37 36 34
1494413477 113.896510 22.952265 36.40 1.60 0.94 14 38 38 36 36
1494413478 113.896500 22.952273 36.50 1.60 0.94 14 38 38 36 36
1494413479 113.896488 22.952281 36.60 1.60 0.94 14 36 36 36 35
1494413480 113.896485 22.952288 36.70 1.60 0.94 14 36 36 36 35
1494413481 113.896483 22.952293 36.80 1.60 0.94 14 38 38 35 35
1494413482 113.896485 22.952298 36.90 1.60 0.94 14 38 38 35 35
1494413483 113.896490 22.952296 36.90 1.60 0.94 14 37 36 36 33
1494413484 113.896500 22.952291 36.90 1.49 0.94 14 38 36 36 33
1494413485 113.896508 22.952288 37.00 1.49 0.93 13 38 38 32 29
1494413486 113.896523 22.952278 37.00 1.49 0.93 13 38 38 32 29
1494413487 113.896533 22.952270 37.10 1.49 0.93 13 39 38 31 30
1494413488 113.896545 22.952261 37.10 1.32 0.93 13 39 38 30 30
1494413489 113.896553 22.952255 37.20 1.32 0.97 14 38 37 30 30
1494413490 113.896545 22.952260 37.10 1.32 0.97 14 38 36 30 30
1494413491 113.896550 22.952255 37.20 1.32 0.97 14 38 36 30 30
1494413492 113.896553 22.952253 37.20 1.17 0.97 14 38 36 30 30
1494413493 113.896556 22.952253 37.20 1.17 0.88 14 37 36 29 29
1494413494 113.896563 22.952250 37.10 1.17 0.88 14 36 36 29 29
1494413495 113.896568 22.952246 37.10 1.17 0.88 14 36 34 31 24
1494413496 113.896568 22.952248 37.10 1.17 0.88 14 36 33 32 24
1494413497 113.896571 22.952246 37.10 1.17 0.88 14 37 34 33 29
1494413498 113.896571 22.952246 37.10 1.17 0.88 14 37 35 33 29
1494413499 113.896575 22.952245 37.00 1.17 0.88 14 37 35 34 33
1494413500 113.896575 22.952245 37.00 1.17 0.88 14 37 35 35 33
1494413501 113.896576 22.952245 37.00 1.17 0.88 14 38 35 35 33
1494413502 113.896576 22.952243 36.90 1.17 0.88 14 39 35 35 33
1494413503 113.896580 22.952246 36.90 1.17 0.88 14 35 34 30 29
1494413504 113.896583 22.952250 36.90 0.97 0.88 14 35 34 30 29
1494413505 113.896585 22.952251 36.90 0.97 0.85 14 35 33 33 31
1494413506 113.896588 22.952248 36.90 0.97 0.85 14 36 33 32 32
1494413507 113.896586 22.952253 36.90 0.97 0.85 14 35 34 32 32
1494413508 113.896590 22.952251 36.90 0.97 0.85 14 35 34 32 32
1494413509 113.896590 22.952251 36.90 0.97 0.85 13 36 33 33 32
1494413510 113.896591 22.952253 36.80 0.97 0.85 13 37 34 33 32
1494413511 113.896591 22.952253 36.80 0.97 0.85 13 38 35 33 32
1494413512 113.896591 22.952253 36.80 0.97 0.85 13 38 36 33 32
1494413513 113.896598 22.952253 36.80 0.97 0.85 13 37 36 34 31
1494413514 113.896603 22.952253 36.80 0.97 0.85 13 37 36 34 30
1494413515 113.896606 22.952251 36.70 0.97 0.85 13 37 33 30 30
1494413516 113.896610 22.952251 36.70 1.45 0.85 13 38 33 30 30
1494413517 113.896613 22.952250 36.70 1.45 0.89 13 39 32 30 30
1494413518 113.896615 22.952248 36.70 1.45 0.89 13 40 31 30 30
1494413519 113.896616 22.952246 36.70 1.45 0.89 13 40 31 30 30
1494413520 113.896618 22.952245 36.70 1.45 0.89 13 40 31 30 29
1494413521 113.896620 22.952241 36.70 1.45 0.89 13 40 31 30 29
1494413522 113.896620 22.952245 36.70 1.45 0.89 13 40 31 30 29
1494413523 113.896616 22.952245 36.60 1.45 0.89 13 41 32 30 27
1494413524 113.896615 22.952243 36.60 1.45 0.89 13 41 33 30 28
1494413525 113.896613 22.952240 36.60 1.45 0.89 13 41 33 30 29
1494413526 113.896613 22.952240 36.60 1.45 0.89 13 41 33 31 28
1494413527 113.896616 22.952240 36.60 1.45 0.89 13 41 34 30 28
1494413528 113.896620 22.952238 36.60 1.63 0.89 13 41 35 29 29
1494413529 113.896623 22.952236 36.60 1.63 0.98 13 39 37 30 29
1494413530 113.896621 22.952231 36.60 1.63 0.98 13 38 38 31 29
1494413531 113.896620 22.952226 36.60 1.63 0.98 13 38 37 31 30
1494413532 113.896620 22.952221 36.60 1.63 0.98 13 38 37 31 30
1494413533 113.896621 22.952220 36.60 1.60 0.98 13 38 37 31 30
1494413534 113.896618 22.952220 36.60 1.59 0.94 13 38 37 32 30
1494413535 113.896618 22.952218 36.60 1.59 0.94 13 38 37 32 30
1494413536 113.896616 22.952215 36.70 1.63 0.94 13 38 37 32 30
1494413537 113.896616 22.952216 36.60 1.59 0.98 13 38 37 33 29
1494413538 113.896616 22.952216 36.60 1.38 0.94 13 38 37 26 20
1494413539 113.896620 22.952220 36.60 1.38 0.91 14 39 37 26 22
1494413540 113.896623 22.952221 36.50 1.34 0.91 14 40 37 27 23
1494413541 113.896625 22.952221 36.40 1.34 0.88 14 40 37 27 24
1494413542 113.896625 22.952216 36.30 1.17 0.88 14 40 36 27 23
1494413543 113.896628 22.952216 36.30 1.17 0.85 14 41 35 34 25
1494413544 113.896628 22.952215 36.20 1.00 0.85 14 39 35 34 24
1494413545 113.896626 22.952211 36.10 1.00 0.85 14 40 39 35 32
1494413546 113.896625 22.952206 36.10 1.00 0.85 14 40 39 35 31
1494413547 113.896626 22.952206 36.00 1.00 0.85 14 41 41 35 31
1494413548 113.896630 22.952210 35.90 2.30 0.85 14 41 41 35 31
1494413549 113.896633 22.952210 35.90 2.30 0.90 14 41 39 36 29
1494413550 113.896636 22.952210 35.90 2.30 0.90 14 41 38 37 28
1494413551 113.896638 22.952210 35.90 2.30 0.90 14 37 37 34 30
1494413552 113.896640 22.952205 35.90 1.17 0.90 14 37 36 34 30
1494413553 113.896641 22.952203 35.90 1.17 0.85 14 38 36 36 36
1494413554 113.896645 22.952203 35.90 1.17 0.85 14 38 36 36 36
1494413555 113.896648 22.952201 35.90 1.17 0.85 14 39 35 34 34
1494413556 113.896651 22.952200 35.90 1.59 0.85 14 39 35 34 33
1494413557 113.896656 22.952198 36.00 1.59 0.94 13 35 33 32 30
1494413558 113.896661 22.952195 35.90 1.59 0.94 13 35 33 31 30
1494413559 113.896666 22.952191 36.00 1.59 0.94 13 35 33 30 28
1494413560 113.896673 22.952195 36.00 1.40 0.94 13 35 33 30 28
1494413561 113.896676 22.952196 36.00 1.40 0.93 13 35 30 28 26
1494413562 113.896680 22.952190 36.00 2.29 0.93 13 35 30 28 26
1494413563 113.896683 22.952185 36.10 2.29 0.90 13 40 39 29 24
1494413564 113.896711 22.952168 36.60 1.17 0.90 13 40 29 29 22
1494413565 113.896710 22.952163 36.70 1.17 0.85 13 40 38 31 28
1494413566 113.896703 22.952158 36.70 1.17 0.85 13 39 39 32 26
1494413567 113.896698 22.952156 36.70 1.17 0.85 13 40 38 34 27
1494413568 113.896698 22.952160 36.80 2.29 0.85 13 41 37 35 27
1494413569 113.896698 22.952158 36.80 2.29 0.90 13 40 37 27 26
1494413570 113.896700 22.952158 36.70 2.29 0.90 13 39 37 27 26
1494413571 113.896700 22.952156 36.70 2.29 0.90 13 39 37 28 26
1494413572 113.896700 22.952155 36.70 1.44 0.90 13 39 37 29 26
1494413573 113.896701 22.952153 36.70 1.44 0.89 13 39 37 29 27
1494413574 113.896703 22.952153 36.70 1.44 0.89 13 39 37 29 27
1494413575 113.896705 22.952155 36.70 1.44 0.89 13 39 37 29 27
1494413576 113.896703 22.952153 36.70 1.17 0.89 13 39 37 29 27
1494413577 113.896705 22.952153 36.70 1.17 0.85 13 39 37 29 29
1494413578 113.896703 22.952153 36.70 1.17 0.85 13 39 37 29 29
1494413579 113.896703 22.952151 36.70 1.17 0.85 13 39 37 29 26
1494413580 113.896703 22.952151 36.70 1.17 0.85 13 39 37 29 26
1494413581 113.896705 22.952151 36.70 1.17 0.85 13 39 37 28 26
1494413582 113.896705 22.952151 36.70 1.17 0.85 13 39 37 28 26
1494413583 113.896705 22.952151 36.70 1.17 0.85 13 39 37 29 27
1494413584 113.896705 22.952151 36.70 1.17 0.85 13 39 37 30 27
1494413585 113.896705 22.952153 36.70 1.17 0.85 13 38 37 30 27
1494413586 113.896706 22.952155 36.80 1.17 0.85 13 37 37 30 27
1494413587 113.896708 22.952156 36.80 1.17 0.85 13 38 35 31 26
1494413588 113.896706 22.952158 36.80 0.96 0.85 13 39 34 32 25
1494413589 113.896705 22.952160 36.80 0.96 0.85 13 40 33 33 25
1494413590 113.896703 22.952158 36.80 0.96 0.85 13 40 34 33 25
1494413591 113.896700 22.952158 36.90 0.96 0.85 13 41 34 33 25
1494413592 113.896700 22.952160 36.90 0.96 0.85 13 41 34 33 25
1494413593 113.896701 22.952161 36.90 0.96 0.85 14 40 34 32 26
1494413594 113.896701 22.952161 36.90 0.96 0.85 14 40 34 32 27
1494413595 113.896703 22.952163 36.90 0.96 0.85 14 40 34 32 27
1494413596 113.896700 22.952158 36.90 0.82 0.85 14 40 34 32 27
1494413597 113.896700 22.952156 36.90 0.82 0.85 14 40 35 31 28
1494413598 113.896700 22.952158 36.90 0.82 0.85 14 40 35 31 28
1494413599 113.896700 22.952158 36.90 0.82 0.85 14 40 36 30 28
1494413600 113.896698 22.952160 36.90 1.16 0.85 14 40 37 29 28
1494413601 113.896696 22.952160 36.90 1.16 0.88 14 40 37 30 29
1494413602 113.896696 22.952161 36.90 1.16 0.88 14 40 37 30 30
1494413603 113.896695 22.952163 36.90 1.16 0.88 14 39 37 36 30
1494413604 113.896695 22.952165 37.00 1.44 0.88 14 38 37 35 30
1494413605 113.896696 22.952165 37.00 1.44 0.89 14 38 36 33 20
1494413606 113.896700 22.952158 37.00 1.44 0.89 14 38 35 32 20
1494413607 113.896701 22.952146 37.00 1.44 0.89 14 35 31 31 22
1494413608 113.896705 22.952116 36.90 1.17 0.89 14 35 31 30 22
1494413609 113.896710 22.952088 36.90 1.17 0.85 14 34 31 29 28
1494413610 113.896705 22.952063 36.80 1.17 0.85 14 43 33 31 28
1494413611 113.896698 22.952036 36.70 1.17 0.85 14 33 30 29 28
1494413612 113.896706 22.952000 36.70 1.20 0.85 14 33 29 29 28
1494413613 113.896715 22.951965 36.60 1.20 0.90 14 41 34 30 29
1494413614 113.896725 22.951925 36.60 1.20 0.90 14 41 35 30 29
1494413615 113.896741 22.951886 36.50 1.20 0.90 14 36 32 29 28
1494413616 113.896748 22.951855 36.50 0.90 0.90 14 37 32 29 28
1494413617 113.896755 22.951826 36.30 0.90 0.90 14 36 31 27 27
1494413618 113.896786 22.951810 35.80 0.90 0.90 14 48 35 27 26
1494413619 113.896790 22.951783 35.50 0.90 0.90 14 42 34 30 28
1494413620 113.896785 22.951755 35.20 1.20 0.90 14 42 34 30 29
1494413621 113.896780 22.951723 35.00 1.20 0.90 14 32 30 29 29
1494413622 113.896786 22.951673 34.40 1.20 0.90 14 31 31 30 29
1494413623 113.896793 22.951625 33.80 1.20 0.90 14 39 37 36 31
1494413624 113.896815 22.951585 33.70 1.03 0.90 14 39 37 36 32
1494413625 113.896830 22.951558 33.50 1.03 0.90 13 39 31 31 30
1494413626 113.896841 22.951535 33.30 1.03 0.90 13 39 31 31 30
1494413627 113.896855 22.951516 33.10 1.03 0.90 13 39 30 29 28
1494413628 113.896865 22.951498 33.00 1.13 0.90 13 39 30 28 28
1494413629 113.896873 22.951493 32.80 1.13 0.91 14 37 31 30 27
1494413630 113.896868 22.951476 32.50 1.13 0.91 14 41 36 30 26
1494413631 113.896865 22.951453 32.30 1.13 0.91 14 35 34 33 31
1494413632 113.896863 22.951420 31.80 0.90 0.91 14 35 34 33 31
1494413633 113.896875 22.951395 31.30 0.90 0.88 14 36 35 34 32
1494413634 113.896858 22.951373 30.70 0.90 0.88 14 36 35 34 32
1494413635 113.896850 22.951353 30.20 0.90 0.88 14 34 34 31 31
1494413636 113.896871 22.951328 30.20 0.89 0.88 14 34 34 32 31
1494413637 113.896873 22.951313 30.40 0.89 0.88 14 42 40 34 34
1494413638 113.896860 22.951298 30.30 0.89 0.88 14 42 40 34 34
1494413639 113.896850 22.951285 30.20 0.89 0.88 14 38 37 33 32
1494413640 113.896843 22.951266 30.00 0.93 0.88 14 38 37 32 32
1494413641 113.896795 22.951248 29.50 0.93 0.92 14 36 33 33 31
1494413642 113.896780 22.951240 28.90 0.93 0.92 14 36 34 33 30
1494413643 113.896775 22.951233 28.40 0.93 0.92 14 36 33 33 29
1494413644 113.896781 22.951238 28.30 0.88 0.92 14 36 33 32 29
1494413645 113.896788 22.951243 28.10 0.88 0.85 14 40 38 36 34
1494413646 113.896791 22.951246 27.90 0.88 0.85 14 40 38 36 34
1494413647 113.896795 22.951251 27.70 0.88 0.85 14 37 37 35 32
1494413648 113.896793 22.951251 27.70 1.14 0.85 14 37 37 35 32
1494413649 113.896795 22.951255 27.60 1.14 0.91 14 38 38 35 34
1494413650 113.896793 22.951253 27.60 1.14 0.91 14 38 38 35 34
1494413651 113.896795 22.951255 27.60 1.14 0.91 14 39 38 35 30
1494413652 113.896793 22.951255 27.70 0.99 0.91 14 39 38 35 30
1494413653 113.896793 22.951253 27.70 0.99 0.86 14 38 37 36 30
1494413654 113.896793 22.951250 27.70 0.99 0.86 14 38 37 36 31
1494413655 113.896793 22.951248 27.70 0.99 0.86 14 41 39 38 36
1494413656 113.896793 22.951246 27.70 0.99 0.86 14 41 39 38 36
1494413657 113.896793 22.951243 27.80 0.99 0.86 14 41 39 38 36
1494413658 113.896795 22.951243 27.80 0.99 0.86 14 41 39 38 36
1494413659 113.896795 22.951241 27.90 0.99 0.86 14 41 38 38 35
1494413660 113.896796 22.951240 27.90 0.99 0.86 14 41 38 38 35
1494413661 113.896796 22.951238 28.00 0.99 0.87 14 41 39 38 35
1494413662 113.896796 22.951238 28.00 0.99 0.87 14 41 39 38 35
1494413663 113.896796 22.951238 28.00 0.99 0.87 14 41 41 39 35
1494413664 113.896796 22.951236 28.00 1.05 0.87 14 41 41 40 35
1494413665 113.896796 22.951236 28.00 1.05 0.87 14 41 41 40 33
1494413666 113.896798 22.951236 28.00 1.05 0.87 14 41 41 40 33
1494413667 113.896798 22.951235 28.00 1.05 0.87 14 41 41 40 34
1494413668 113.896798 22.951235 28.00 1.05 0.87 14 41 41 40 34
1494413669 113.896798 22.951235 28.00 1.05 0.87 14 41 40 40 36
1494413670 113.896800 22.951233 28.10 1.05 0.87 14 41 40 40 36
1494413671 113.896800 22.951231 28.10 1.05 0.87 14 40 40 40 35
1494413672 113.896801 22.951231 28.10 1.05 0.87 14 40 40 40 35
1494413673 113.896801 22.951230 28.10 1.05 0.87 13 40 40 39 38
1494413674 113.896801 22.951230 28.10 1.05 0.87 13 40 40 38 38
1494413675 113.896801 22.951230 28.10 1.05 0.87 13 40 39 38 37
1494413676 113.896803 22.951230 28.10 1.05 0.87 13 40 38 38 37
1494413677 113.896805 22.951230 28.10 1.05 0.87 13 40 39 39 34
1494413678 113.896806 22.951230 28.10 1.05 0.87 13 40 39 39 34
1494413679 113.896806 22.951230 28.20 1.05 0.87 13 40 39 39 36
1494413680 113.896808 22.951230 28.20 1.05 0.87 13 40 39 39 36
1494413681 113.896808 22.951230 28.20 1.05 0.87 13 40 40 39 36
1494413682 113.896810 22.951231 28.20 1.05 0.87 13 40 40 39 36
1494413683 113.896810 22.951230 28.20 1.05 0.87 13 40 40 39 36
1494413684 113.896810 22.951230 28.20 1.05 0.87 13 40 40 39 36
1494413685 113.896808 22.951228 28.20 1.05 0.87 13 40 40 39 37
1494413686 113.896806 22.951228 28.20 1.05 0.87 13 40 40 39 37
1494413687 113.896806 22.951230 28.20 1.05 0.87 13 40 40 39 36
1494413688 113.896806 22.951231 28.20 1.15 0.87 13 40 40 39 36
1494413689 113.896811 22.951238 28.30 1.15 0.89 13 38 38 31 28
1494413690 113.896813 22.951240 28.30 1.15 0.89 13 37 37 31 29
1494413691 113.896815 22.951240 28.40 1.15 0.89 13 37 30 30 29
1494413692 113.896815 22.951241 28.40 1.43 0.89 13 37 30 30 28
1494413693 113.896810 22.951241 28.40 1.43 0.93 13 30 29 29 28
1494413694 113.896806 22.951243 28.40 1.43 0.93 13 30 29 28 28
1494413695 113.896803 22.951245 28.40 1.43 0.93 13 41 32 30 30
1494413696 113.896806 22.951241 28.50 1.11 0.93 13 41 33 31 30
1494413697 113.896805 22.951240 28.40 1.11 0.88 14 40 34 32 26
1494413698 113.896798 22.951236 28.40 1.11 0.88 14 40 34 32 25
1494413699 113.896795 22.951236 28.40 1.11 0.88 14 38 36 33 33
1494413700 113.896791 22.951238 28.40 1.20 0.88 14 37 36 34 33
1494413701 113.896786 22.951241 28.40 1.20 0.93 14 36 35 34 34
1494413702 113.896790 22.951243 28.30 1.20 0.93 14 36 34 34 34
1494413703 113.896793 22.951245 28.30 1.20 0.93 14 36 34 33 32
1494413704 113.896793 22.951246 28.20 1.20 0.93 14 36 34 33 32
1494413705 113.896795 22.951248 28.10 1.20 0.91 14 34 34 33 33
1494413706 113.896795 22.951246 28.00 1.20 0.91 14 34 34 33 33
1494413707 113.896791 22.951245 28.00 1.20 0.91 14 34 32 32 23
1494413708 113.896793 22.951241 28.00 1.15 0.91 14 34 31 31 23
1494413709 113.896791 22.951240 27.90 1.15 0.89 14 34 32 29 22
1494413710 113.896790 22.951241 27.90 1.15 0.89 14 34 33 28 22
1494413711 113.896788 22.951243 27.90 1.15 0.89 14 36 34 33 29
1494413712 113.896795 22.951245 27.90 1.07 0.89 14 36 34 33 29
1494413713 113.896801 22.951246 27.90 1.07 0.88 14 34 29 29 26
1494413714 113.896806 22.951250 27.90 1.07 0.88 14 34 29 29 26
1494413715 113.896808 22.951251 27.90 1.07 0.88 14 31 30 29 28
1494413716 113.896808 22.951251 27.90 1.07 0.88 14 31 31 29 28
1494413717 113.896810 22.951253 27.90 1.07 0.88 14 36 30 30 29
1494413718 113.896813 22.951253 27.90 1.07 0.88 14 36 30 29 29
1494413719 113.896813 22.951251 27.90 1.07 0.88 14 37 37 36 36
1494413720 113.896811 22.951250 27.80 1.19 0.88 14 37 37 36 36
